-2.301915 -3.063474 1.740559 -0.882649 0.678018 -1.969212 2.509000 -0.776925 1.044320 -0.640760 1.084601 -0.998466 0.574943 -1.608399 0.626358 -0.820149 0.862199 -0.559381 1.307290 -1.114975 0.236912 -0.279465 0.118494 -0.009374 0.405655 0.036101 -0.010651 -0.085813 0.273945 -0.990138 0.829249 0.038648 0.136721 0.422916 -0.089977 -0.038519 0.350618 -0.033597 0.071962 -0.431400 0.058793 -0.121485 0.788981 -0.236250 0.209234 -0.008318 0.621456 -0.065356 0.068143 -0.320350 0.192222 -0.752449 0.413749 -0.623398 1.000000
0.927895 -5.544181 1.340820 1.804248 2.298648 -0.899100 2.784630 -1.779094 0.904626 -0.226562 0.248986 -0.414706 0.268841 -1.061356 0.187255 -1.603770 0.494787 0.077656 -0.390797 -0.104960 -0.610182 -1.418535 0.312986 -0.271002 -0.584179 -0.083352 0.558393 0.625080 -0.026402 -0.290704 0.104787 0.124833 0.047915 -0.165903 -0.148967 -0.167759 -0.306155 0.213109 0.109558 0.398874 -0.200815 0.088102 -0.311841 0.111161 -0.032474 0.231960 -0.044102 0.028964 -0.299488 0.083237 -0.115193 0.340125 0.406508 0.642908 1.000000
0.833749 -5.097435 1.318638 1.745219 2.125078 -1.015354 2.495028 -1.814714 0.986430 -0.305248 0.167430 -0.093637 0.214145 -1.190313 0.172549 -1.783490 0.505024 0.322858 -0.193695 -0.398641 -0.722626 -1.697900 0.432782 -0.339067 -0.469782 0.131029 0.787214 0.870845 -0.682491 -0.161469 0.214614 0.054844 -0.344427 0.009207 0.064189 -0.356018 -0.353741 -0.362873 -0.193133 -0.078954 0.164363 0.246339 -0.308368 -0.188257 0.032112 0.098755 -0.112395 0.231858 -0.058488 -0.371844 0.147534 0.345545 0.066311 0.582568 1.000000
-5.661765 -2.770066 0.825739 0.158115 0.917308 -4.120269 0.549753 1.510411 0.909673 -0.568649 0.653362 -1.003023 0.533528 -1.418042 0.015189 -0.809540 1.187046 -0.406576 1.361626 -1.340903 0.149901 -0.605857 0.015349 0.588624 0.506964 0.316266 0.108492 -0.231355 0.272794 -0.780726 0.418944 0.047062 -0.017405 0.540250 0.115586 0.076488 -0.059090 -0.506453 0.354536 -0.313786 0.101896 0.170911 0.251954 -0.187223 0.408581 -0.178174 0.482218 0.117664 0.031098 -0.276859 0.185221 -0.196666 -0.055820 -0.340500 1.000000
0.154044 -8.698508 0.042470 -0.114891 -1.773591 -0.161151 3.498111 -0.091246 -0.615920 -0.349771 -0.599452 0.078751 0.443301 0.099041 0.989416 -0.181965 -0.205266 -1.533608 -0.092779 -0.961242 -0.169452 0.392393 -0.397649 -0.851699 0.124180 0.444193 -0.265027 -1.008624 -0.177905 0.229384 0.298444 -0.709145 -0.119400 0.883038 0.526864 -0.439756 0.229043 -0.030713 -0.349036 -0.210108 -0.038822 -0.524134 1.070552 -0.581335 -0.000099 0.962686 0.353617 0.625548 -0.001079 0.515387 -0.393377 -0.561432 -0.044130 0.012752 1.000000
0.830775 -6.130273 1.936746 1.815619 2.667111 -0.973681 2.663439 -2.323489 0.858273 -0.571800 0.110096 -0.786908 0.025244 -0.946914 -0.070219 -1.643806 0.876578 -0.072826 0.427140 0.121097 -0.397597 -0.697284 0.711274 -0.324533 -0.379575 -0.374832 -0.029200 0.927994 0.312198 0.146146 -0.367277 -0.590196 0.364031 -0.512128 -0.352864 -0.044665 0.489926 0.762828 0.492806 0.592252 -0.202309 -0.147583 -0.129990 0.358505 0.053762 -0.385919 0.108579 0.221184 -0.278371 0.409437 -0.407956 -0.018864 0.050947 -0.206466 1.000000
0.090869 4.661812 3.110332 -3.327107 2.334844 0.613150 -1.816787 -1.511370 -0.454667 0.047283 1.808730 1.211752 -0.504382 -1.569831 2.202725 -2.018387 0.522910 -1.102114 0.115095 -1.244078 -1.329643 -0.222428 0.872432 0.370132 0.707306 0.262819 0.851243 0.266226 0.403028 -1.074840 0.107089 0.610743 0.010677 0.082363 -0.565161 0.293238 -0.800758 -0.077582 0.509877 -0.282871 0.246631 0.597745 -0.115388 0.036128 0.902588 -0.492175 0.363820 0.002886 -0.117350 0.214217 0.175584 0.239491 -0.162233 -0.110811 1.000000
0.670279 -5.614057 1.548047 1.698669 1.980977 -0.775709 2.538344 -2.426400 1.020840 -0.270796 0.594436 -0.543010 0.356694 -1.095477 0.122816 -1.608434 0.725585 0.133143 0.301443 -0.202379 -0.643037 -1.045302 0.323927 -0.357183 -0.348136 -0.525346 0.568100 0.828300 -0.053553 -0.059585 -0.134072 -0.239458 -0.003258 0.097521 0.392769 -0.294868 -0.140268 0.378649 0.148643 0.370547 -0.365662 -0.243074 -0.409014 0.500590 0.060331 0.127761 0.389927 -0.264534 0.061351 -0.106453 0.114817 0.087485 0.032814 0.404955 1.000000
0.350085 -5.981731 1.598857 1.277973 1.831916 -1.080813 2.927168 -2.026339 0.996622 -0.563371 0.487407 -0.655145 0.142771 -1.126712 0.375383 -1.801976 0.466652 0.225843 0.200461 -0.428973 -0.536607 -1.303784 0.004526 -0.415411 -0.454944 -0.242013 0.330351 0.869257 -0.372339 -0.333380 -0.012548 -0.301226 0.006037 0.085617 0.212051 -0.185704 -0.033883 0.391083 -0.059196 0.183417 -0.069082 -0.261259 0.078615 0.103569 0.060118 0.167243 0.097957 -0.040260 0.126618 -0.048617 -0.022389 -0.041207 0.000676 0.160395 1.000000
0.237844 -7.267573 1.560865 1.080146 1.738367 -0.841268 2.340430 -2.115887 0.917313 -0.877951 0.300377 -0.944723 -0.818908 -1.338442 0.267067 -1.132508 0.457955 0.383447 0.420844 0.195953 -0.133724 -0.544393 0.723105 -0.086680 0.008961 0.033887 -0.241754 0.980186 0.225526 -0.280536 -0.475281 -0.702965 1.465950 -0.282287 -0.138267 0.806469 0.875497 0.354529 0.606382 -0.318870 0.084105 0.842055 0.550257 0.473037 -0.213712 -0.203264 -0.655864 0.464320 0.393140 0.270677 -0.195132 -0.322959 -0.214171 -0.630794 1.000000
0.032128 -6.350616 1.104548 0.634905 1.112792 -1.226781 2.945288 -1.568531 0.986856 -0.349400 0.599975 -0.608143 0.085546 -1.029178 0.426141 -1.707716 0.010161 0.213408 0.077185 -0.719244 -0.361177 -1.381716 -0.451702 -0.423934 -0.532976 0.140197 0.120148 0.564838 -0.602431 -0.962681 0.032325 0.036797 -0.293898 0.226071 0.109657 -0.122353 -0.130673 0.253376 -0.210924 -0.238144 0.399368 -0.122292 0.307805 -0.292169 -0.158989 0.307580 -0.117475 0.161749 0.375628 -0.179909 0.085151 -0.066592 0.055491 -0.046570 1.000000
-3.262218 -6.048463 3.123759 -2.369860 -4.865506 2.040236 3.693604 0.476288 -0.121863 -0.688435 -0.736913 1.070321 1.949827 -0.586843 0.106621 0.533997 0.126876 -1.040377 0.682379 -0.191157 0.251455 0.813551 1.218087 -0.131037 0.107157 -0.063172 0.064479 -0.423391 0.198917 0.258073 0.035601 0.242259 0.366635 -0.102766 -0.314045 0.451061 0.230954 -0.308688 -0.266052 -0.239243 -0.297158 -0.102045 0.229253 0.143620 0.073681 0.317895 0.254239 0.144641 -0.849038 -0.084979 -0.115497 -0.250895 0.480225 0.313718 2.000000
-6.696735 -3.778098 3.729699 -0.049411 -0.923725 0.801099 -0.315471 -0.869783 2.017693 -0.060936 2.018239 1.136472 -1.739728 -0.039600 0.170243 -0.111810 -0.693085 3.050440 -0.502802 0.203375 -0.808904 -0.812957 -0.719954 0.014023 -0.098982 1.069360 0.615818 -0.381672 -0.251577 -0.990420 0.378766 0.027732 0.407179 -0.070057 0.642294 -0.709614 -0.778948 -0.650758 -0.273646 0.114563 -0.226207 0.156540 -0.372368 -0.132161 -0.666476 -0.616603 -0.440834 -0.138742 -0.632341 0.443421 0.440546 0.227472 0.419958 -0.145431 2.000000
-6.144922 -6.124676 2.897862 -1.106603 -4.896134 1.270818 -0.202041 1.609629 -0.175102 -1.168017 -0.114513 2.834072 0.475081 -0.327004 0.275441 0.137630 -0.281675 0.398686 -0.071824 -0.316140 0.522488 -0.700020 1.125982 0.035150 -1.167707 -0.683951 0.475196 0.559223 -0.767276 1.063906 -0.148074 -0.146342 -0.222406 -0.070105 -0.135668 -0.113048 -0.056943 -0.278982 0.118293 0.098912 0.410657 -0.275275 -0.354730 -0.160441 0.729749 -0.185051 -0.292590 -0.218975 0.820040 -0.202145 0.240191 -0.175144 0.025293 -0.370250 2.000000
-7.965167 -5.852815 0.960392 -1.815571 -4.507494 -0.810586 1.926675 2.781030 -0.173046 0.188736 -0.975466 0.890732 2.961497 -0.405491 0.614591 0.376918 0.560703 -1.723431 1.242310 -0.343796 -0.644632 1.193272 0.898697 0.712193 1.057794 0.173474 0.492122 0.023573 -0.145404 -0.106462 1.064767 -0.099441 0.333539 0.344579 -0.364203 0.184648 0.066190 0.280560 -0.809926 0.078227 -0.114140 -0.148957 -0.270753 0.082962 -0.263090 -0.089019 -0.656586 -0.017608 -0.421668 -0.363939 0.655117 0.576936 -0.185052 0.389074 2.000000
-6.644414 -4.986000 2.828320 -1.437540 -5.270502 2.183563 0.013083 1.018232 0.534249 -1.046238 0.409156 2.277650 0.733615 -0.547276 0.987155 0.561859 -0.682906 0.731753 -0.080779 -0.743327 0.292966 -0.352859 0.075992 0.353809 0.207417 -0.405782 -0.058457 -0.170803 -0.311584 0.287569 -0.201755 0.563534 -0.129888 0.625446 -0.099586 -0.123455 -0.210053 0.202871 -0.013287 0.387559 0.037546 0.066529 0.319400 -0.041365 -0.251210 0.174049 0.401417 0.114585 -0.069287 0.099609 -0.107954 -0.109918 -0.077630 0.106803 2.000000
-6.644414 -4.986000 2.828320 -1.437540 -5.270502 2.183563 0.013083 1.018232 0.534249 -1.046238 0.409156 2.277650 0.733615 -0.547276 0.987155 0.561859 -0.682906 0.731753 -0.080779 -0.743327 0.292966 -0.352859 0.075992 0.353809 0.207417 -0.405782 -0.058457 -0.170803 -0.311584 0.287569 -0.201755 0.563534 -0.129888 0.625446 -0.099586 -0.123455 -0.210053 0.202871 -0.013287 0.387559 0.037546 0.066529 0.319400 -0.041365 -0.251210 0.174049 0.401417 0.114585 -0.069287 0.099609 -0.107954 -0.109918 -0.077630 0.106803 2.000000
-4.025784 -1.007639 1.259691 -4.638128 -5.080284 3.242135 -0.343707 0.827292 -0.561520 0.165240 0.065372 2.441728 2.379328 -1.284502 1.092096 -0.646009 0.216469 -1.401706 -0.434698 -0.087645 -2.108083 0.634164 2.064905 -0.762581 0.822544 -0.665293 -0.038249 0.437852 0.469486 0.231083 0.572130 0.449155 0.818094 -0.539115 0.117800 1.576980 -0.186232 0.019967 -0.059673 -0.531634 -0.729159 -0.502734 0.399773 0.471659 -0.271711 0.727058 -0.857794 0.218818 -0.219316 -0.262441 -0.029944 0.176655 0.386153 -0.278744 2.000000
-6.399234 -5.657761 3.346912 -1.064808 -4.479945 1.473129 -0.307571 0.792437 0.688266 -1.196028 0.547140 2.518272 -0.427769 -0.073566 0.658155 0.307553 -0.556812 1.186737 -0.200715 -0.310935 0.437548 -1.157782 0.081921 0.148351 -0.361859 -0.362672 -0.012063 0.297370 -0.617376 0.595327 -0.220763 -0.258754 -0.420564 0.464587 0.206624 -0.399611 -0.153137 -0.109684 0.161473 0.337346 0.165696 -0.100401 -0.376957 -0.022565 0.054412 -0.247823 -0.033682 -0.388152 0.747145 -0.075732 -0.094027 -0.146382 0.034092 -0.244004 2.000000
-6.690538 -4.794292 2.778192 -1.460571 -5.283125 2.239638 0.070142 0.931865 0.653259 -0.972667 0.402880 2.005551 0.785185 -0.560330 0.992901 0.635517 -0.648747 0.717901 0.071119 -0.649595 0.250801 -0.188643 0.002514 0.442232 0.375100 -0.318953 -0.190541 -0.305257 -0.194813 0.276080 -0.297545 0.588107 -0.055115 0.541132 -0.162378 -0.042248 -0.229823 0.328676 0.039947 0.458664 -0.117253 0.247735 0.359408 -0.068286 -0.295757 0.113666 0.457704 0.062675 -0.207411 0.164576 -0.155472 -0.004366 -0.093048 0.056445 2.000000
-5.400037 -5.641509 2.752121 -0.374557 -2.562817 0.901770 -1.551520 0.165814 -0.046157 -1.746748 0.312986 1.955148 -2.769132 0.156685 0.151575 0.370713 -0.032389 2.418629 0.567608 0.341327 2.172970 -1.606086 0.371341 -0.278587 -0.684533 -0.107311 -0.519863 0.524074 0.219411 0.267475 -0.738438 -0.580534 0.976056 -0.102552 0.177592 0.303563 0.021445 -0.670874 0.169670 0.069114 0.063231 0.096056 -1.026561 0.877133 0.665725 0.165793 -0.000657 0.050909 -0.126404 -0.231006 -0.290926 -0.176251 -0.247498 -0.096657 2.000000
-7.483865 -3.841025 3.069342 -1.093771 -3.424511 1.125300 0.306493 0.247920 1.917581 -0.294471 1.234552 1.145273 -0.691955 -0.550486 0.623019 0.127170 -1.214429 2.046297 -0.067539 -0.247594 -0.495186 -0.278287 -1.062054 0.225932 0.501261 1.180334 0.244464 -0.885529 -0.352261 -0.722719 0.099082 0.501888 0.128399 0.167157 0.564968 -0.311903 -0.476911 -0.176012 -0.006115 -0.081382 -0.299072 0.859678 0.109942 0.153342 -0.588501 -0.590440 -0.091182 0.049393 0.300594 0.324929 -0.047630 -0.008881 -0.049470 -0.372852 2.000000
-5.288016 3.886106 -3.025860 -1.248958 2.500269 -1.124547 1.950800 0.710038 2.177190 -0.037350 1.327840 -1.045058 0.358373 0.281405 0.849954 1.332447 1.201663 0.302716 -0.333772 1.735356 0.267576 -0.020192 0.644769 -0.389862 0.062759 -0.699242 -0.528788 0.165892 -1.692246 -0.228958 0.465569 -0.148316 -0.454681 -0.186197 -0.045562 0.094572 -0.274184 -0.592115 -0.020462 -0.237511 -0.650517 -0.442932 0.405028 -0.020443 -0.441671 -0.164980 0.156536 -0.424754 -0.101024 0.824365 -0.367576 0.042787 -0.186733 0.175460 3.000000
-1.170938 2.871326 -5.003721 0.764856 1.554459 0.029095 1.969208 1.175356 2.315887 -0.280476 0.947862 -0.631867 0.032364 0.306275 1.026664 1.614178 1.013970 0.740679 -1.104545 0.106102 -0.024126 -0.174861 0.306636 0.980564 0.200207 -1.030201 -1.221435 -0.389441 -1.528359 -0.307211 0.549995 -0.180190 -1.250764 -0.915460 -0.258343 0.890085 -0.479034 -1.336939 0.164889 0.644400 -0.100099 1.473841 0.484510 -0.228128 1.222246 -0.071429 0.236960 0.627058 -0.148300 -1.050733 0.304092 -0.263368 0.564723 -0.173429 3.000000
2.529279 4.290147 -4.088148 1.596117 0.462764 -0.257972 2.987505 1.196814 0.166775 -3.042058 -1.574175 0.103676 -0.579746 1.213542 1.076912 0.805188 0.915821 1.205325 -0.633077 -0.480989 -0.909781 0.057867 0.663001 -0.141904 0.613967 -0.351248 0.315628 0.147552 1.032420 0.128410 -0.218040 0.297374 0.073255 0.059562 -0.002875 0.061131 -0.212375 -0.051623 -0.376127 -0.131951 0.459791 0.221845 -0.186344 0.168984 -0.372643 0.216316 0.368055 -0.076763 0.151514 0.313358 0.185694 0.054505 -0.232747 -0.049703 3.000000
-11.524178 3.603098 -5.062611 -1.627053 2.109566 -3.137680 -0.099539 3.023194 1.168574 0.355096 1.205355 -1.163163 0.355044 1.205433 1.328790 -0.396741 1.395449 -0.995084 0.161563 0.420192 0.029337 -0.241950 -0.810692 0.179327 0.890343 -0.684325 -1.381831 1.013142 -1.538057 -0.585410 0.629624 -0.101226 -0.152993 0.360039 0.708738 0.390788 -0.053544 -0.473305 -0.235217 -0.112514 -0.489618 -0.037262 0.222106 0.530341 -0.450252 0.226834 -0.795582 -0.718494 -0.222633 0.220411 -0.279183 -0.186655 0.306706 0.557713 3.000000
2.984828 4.217227 -3.695464 1.909952 0.204121 -0.466454 3.209727 1.116205 0.405559 -2.979874 -1.477189 0.132182 -0.074503 1.124829 0.764612 0.647123 1.094185 1.286776 -0.560443 -0.589242 -0.920159 -0.168253 0.219269 -0.237072 0.318846 0.112707 0.347013 -0.328042 -0.093053 0.082667 -0.113683 0.295371 -0.174093 -0.357489 -0.250371 -0.171247 0.260205 0.202943 0.145475 -0.471933 0.464743 -0.197251 -0.444356 -0.085616 -0.326786 0.231084 0.008880 0.247567 0.091921 0.029312 -0.094924 -0.041983 0.133669 -0.042684 3.000000
2.984828 4.217227 -3.695464 1.909952 0.204121 -0.466454 3.209727 1.116205 0.405559 -2.979874 -1.477189 0.132182 -0.074503 1.124829 0.764612 0.647123 1.094185 1.286776 -0.560443 -0.589242 -0.920159 -0.168253 0.219269 -0.237072 0.318846 0.112707 0.347013 -0.328042 -0.093053 0.082667 -0.113683 0.295371 -0.174093 -0.357489 -0.250371 -0.171247 0.260205 0.202943 0.145475 -0.471933 0.464743 -0.197251 -0.444356 -0.085616 -0.326786 0.231084 0.008880 0.247567 0.091921 0.029312 -0.094924 -0.041983 0.133669 -0.042684 3.000000
-2.211956 11.257024 -1.394740 -4.855326 2.984396 0.295844 -2.123063 1.041897 0.931633 1.868601 1.976255 0.233143 0.320028 1.043943 1.920693 1.148194 0.918104 -0.815754 -0.927265 0.033071 -1.060582 -0.631836 1.172377 0.956139 -0.032915 -0.324280 -0.438991 0.325359 -2.537856 -0.957725 -0.261626 -0.361071 0.547010 0.132280 0.019875 -0.312577 0.340583 0.009665 0.701989 -0.319150 -0.400686 -0.872412 0.051052 0.521248 -0.017010 -0.299692 0.329815 -0.387702 -0.031927 -0.016656 0.131074 -0.114755 -0.585182 -0.371953 3.000000
2.054085 4.182791 -3.846878 1.945102 0.676008 -0.438015 2.874773 1.187880 0.640406 -2.625132 -1.383195 0.138528 0.468540 1.433024 0.710449 0.815397 1.125110 1.493652 -1.229715 -0.902485 -0.896215 -0.378771 0.244021 0.159750 0.308034 0.389761 -0.108197 -0.470051 -0.396419 -0.072279 -0.535065 0.295429 -0.428757 -0.441202 -0.276118 -0.205233 0.773812 -0.177735 0.113908 -0.480062 0.236235 0.173255 -0.065853 0.277534 -0.112321 0.024456 -0.245295 0.531974 0.252393 -0.309283 -0.416608 -0.461197 -0.055350 0.083385 3.000000
2.024370 4.124666 -4.189799 1.648834 0.917559 -0.210446 3.109259 1.297167 0.505775 -2.852153 -1.710706 -0.069494 -0.553841 1.405951 1.061111 0.746540 0.829843 1.163947 -0.764276 -0.533485 -0.921427 0.123622 0.801844 -0.114575 0.391328 -0.283261 0.206349 0.286299 0.809513 0.099332 -0.148838 0.204884 -0.246714 -0.146632 -0.202008 -0.064639 -0.133967 0.253283 -0.422062 -0.038195 0.244752 0.215956 -0.095426 0.111797 -0.113282 0.220586 0.404152 -0.017082 0.011074 0.293687 0.049270 0.151319 -0.044460 -0.058182 3.000000
5.665182 3.517307 -1.989002 1.728962 -1.721815 -1.181890 1.184407 0.224470 -0.707740 -1.818622 -1.461223 0.783951 -0.252448 1.020923 0.859556 0.248359 2.029944 0.858960 -0.047888 0.666078 -0.398998 0.089651 -0.204695 -1.497795 -0.331899 0.702189 0.129576 -0.513545 -0.951661 0.595486 0.316859 0.735205 1.597634 0.649606 0.786348 -1.488764 1.170635 0.493041 0.558716 -0.291282 -0.200073 -0.476587 0.469700 -0.565166 0.411161 -0.466723 -1.107898 -0.102517 -0.612016 -0.656122 0.063995 -0.339435 -0.572879 -0.136776 3.000000
1.988199 4.045857 -4.388338 1.695524 0.897359 -0.285273 2.604768 1.425668 0.343826 -2.669384 -2.040698 0.218526 -1.059738 1.511414 1.208724 0.526678 0.546604 0.871480 -0.673506 -0.450545 -0.925320 0.294813 1.093250 -0.423608 0.259299 -0.339113 0.435576 0.674440 1.546213 -0.029084 0.038338 0.214520 0.098227 0.017247 -0.149480 -0.097964 -0.414914 0.454634 -0.796366 0.363079 0.255976 0.151901 0.082447 0.012535 -0.046211 0.184373 0.382027 -0.506477 -0.067967 0.604848 0.548129 0.256894 -0.301318 -0.090135 3.000000
-6.491991 0.040265 3.547476 -2.810156 -0.282962 1.858727 1.408131 -0.745868 1.470642 0.194648 0.164608 -1.447216 -1.210274 1.551751 -1.017123 0.530459 1.523600 0.331116 0.827136 0.690087 0.559537 0.724766 -0.083858 0.968941 -0.653248 -0.066007 0.648015 -0.416516 0.250092 -0.370108 -0.052181 0.130548 0.673767 -1.012695 -0.197332 -0.671310 -0.314650 -0.759878 -0.356214 -0.275355 0.090359 -0.458386 0.337357 0.058491 -0.188110 0.475288 0.424309 0.344428 -0.084135 -0.264107 0.085471 -0.136630 0.293921 0.325033 4.000000
-6.323085 -2.662579 2.783311 -2.896533 -2.150016 2.503161 -1.296071 -0.647950 0.305871 -0.457263 -1.906211 -1.254470 -1.206863 1.491346 -0.831874 0.015083 1.073081 -0.287205 0.512925 0.840463 0.013233 -0.244692 0.062634 0.638957 -0.307691 -0.876161 -0.312681 0.622532 0.416956 -0.474620 -0.256785 0.545978 -0.686581 -1.322593 -0.049914 0.776669 -0.219786 -0.579857 0.756713 0.924948 0.765193 -0.197575 -0.427017 -0.076129 -0.615965 -0.002635 -0.135341 -0.594557 -0.642986 0.034524 -0.045251 -0.004271 -0.775603 -0.562602 4.000000
-7.513669 -1.601995 1.851924 -3.668680 -1.568331 2.636744 -1.042881 -1.751515 0.165627 0.605908 -1.644707 -2.672385 -1.391001 1.136221 -0.420157 -0.634759 0.849507 -0.385347 -0.057663 0.316379 -0.331800 -0.813735 -0.200974 -0.104182 0.209472 0.003695 0.218013 -0.493214 -0.231646 0.333245 0.172865 0.272284 -0.604019 0.086190 -0.005643 -0.064889 0.619905 -0.410053 -0.422370 -0.395856 0.097393 0.273028 0.106546 -0.246555 0.108072 -0.202903 -0.182278 -0.087032 0.353747 -0.123312 0.442879 0.138883 0.395615 0.100963 4.000000
-9.579019 0.236262 3.249886 -0.780245 0.630376 -1.466902 1.476299 2.210436 0.595014 0.048902 0.477781 -0.884294 -1.566359 1.422090 -1.856127 0.660171 1.010830 0.298889 1.938270 -0.148342 0.623451 1.107157 0.057461 2.259492 -1.292606 0.454276 0.624118 0.395782 0.662155 -0.224864 -0.332319 -0.692115 0.418717 -0.184384 -0.596334 0.032282 -1.021573 -0.140514 0.201758 -0.147818 0.635635 -0.464989 0.626488 -0.339576 -0.312601 0.384323 -0.087988 1.058391 0.353166 0.329818 -0.599920 -0.087736 0.216913 0.301674 4.000000
-7.685044 -0.465464 1.858391 -3.071178 -0.262911 2.634576 -0.718072 -2.244670 0.949967 0.910864 -1.062247 -2.961742 -1.226505 1.392109 -0.905004 -0.339620 0.503748 -0.145240 -0.423455 0.187168 -0.494772 -0.152303 -0.357297 0.110040 0.060349 0.254774 0.518373 -0.718634 0.160020 -0.116556 0.192499 0.229710 0.519918 -0.044983 0.177683 -0.506734 -0.331485 -0.292333 -0.593796 -0.332531 -0.223887 -0.354180 0.227550 -0.286326 0.070290 0.217265 0.177479 -0.020878 -0.385253 -0.213672 -0.320319 0.119278 -0.077611 0.202901 4.000000
-7.424831 -2.175779 1.401706 -3.847678 -2.521938 2.268251 -1.205950 -1.104305 -0.607013 0.654592 -2.216368 -2.523507 -1.162407 0.800807 -0.277573 -0.635664 0.614459 -1.284069 0.030763 -0.156444 -0.208006 -0.735100 0.230456 -0.709481 -0.084283 -0.345499 -0.203373 -0.286372 -0.160779 0.859429 0.043819 0.271337 -1.205466 0.502434 -0.014499 0.250601 0.726250 0.535856 0.064392 -0.263154 0.142698 0.258248 0.009131 0.124915 0.218620 -0.087105 -0.114208 0.016875 0.788932 0.375135 0.389972 0.028809 0.529297 -0.009040 4.000000
-6.706769 11.230895 5.299305 -5.278329 2.077138 3.163133 -1.555429 -0.040972 0.872442 1.505332 2.063520 0.359112 -1.755584 1.720884 0.037677 0.799760 0.127458 -0.113604 -0.936224 -1.150449 -0.592788 0.926620 0.466088 0.819161 0.186278 1.076085 0.900808 -0.390446 -0.330108 0.369652 -0.285510 0.411434 1.638329 -0.639037 -0.508760 -0.730520 -0.017525 0.687607 -0.873938 -0.015315 -0.032297 -0.304089 -0.152866 0.463469 0.882125 -0.101683 -0.021095 0.264407 0.046108 -0.201626 -0.144799 0.418567 0.629779 0.065577 4.000000
-7.424831 -2.175779 1.401706 -3.847678 -2.521938 2.268251 -1.205950 -1.104305 -0.607013 0.654592 -2.216368 -2.523507 -1.162407 0.800807 -0.277573 -0.635664 0.614459 -1.284069 0.030763 -0.156444 -0.208006 -0.735100 0.230456 -0.709481 -0.084283 -0.345499 -0.203373 -0.286372 -0.160779 0.859429 0.043819 0.271337 -1.205466 0.502434 -0.014499 0.250601 0.726250 0.535856 0.064392 -0.263154 0.142698 0.258248 0.009131 0.124915 0.218620 -0.087105 -0.114208 0.016875 0.788932 0.375135 0.389972 0.028809 0.529297 -0.009040 4.000000
-6.781781 -2.546052 2.280691 -3.324992 -2.630497 2.794565 -0.671974 -1.378217 0.263300 -0.101610 -2.174061 -2.307410 -0.716264 1.510479 -0.592375 -0.258788 0.805361 -0.691611 0.729519 0.756612 -0.459415 -0.289572 0.052936 0.456248 0.449820 -0.552602 -0.309535 0.558632 0.107875 0.099427 0.103836 0.342653 -0.125313 -0.537284 0.369006 0.446956 0.073096 0.077756 0.374053 0.101697 0.324960 0.011317 -0.652828 0.150791 -0.001439 -0.026727 -0.047192 -0.674842 -0.698478 -0.414636 -0.094485 -0.387062 -0.520544 -0.312130 4.000000
-8.194474 -0.880542 1.251244 -3.491417 -0.983856 2.486109 -1.154232 -2.067509 0.482900 1.034398 -1.614259 -2.969709 -1.730139 0.978915 -0.488518 -0.486853 0.551866 -0.264750 -0.653146 0.158231 -0.835871 -0.693591 -0.450947 0.160044 0.054028 0.498397 0.155340 -0.152026 0.056860 0.257785 -0.147990 0.274470 0.444755 0.159183 0.278853 0.270777 0.190862 -0.087628 -0.174794 0.119692 -0.353414 0.240182 -0.122346 0.035450 -0.178726 -0.086242 0.189291 -0.027238 -0.301315 -0.382030 -0.417738 -0.199005 -0.331038 0.425573 4.000000
-8.408258 -0.504519 0.762139 -3.680909 -0.417492 2.261178 -0.837652 -1.727956 0.631250 1.390376 -1.187136 -2.854626 -1.764309 0.976558 -0.497125 -0.459238 0.150883 -0.214522 -0.306038 -0.365954 -0.589055 -0.553785 -0.151097 -0.654093 -0.426882 0.766173 0.662546 -0.584576 -0.165140 -0.119262 0.291908 0.196320 0.046494 0.332474 -0.294092 -0.205639 -0.356470 0.041794 -0.236869 -0.268897 0.037367 0.053940 0.308371 -0.386593 0.001493 -0.457244 0.257465 0.241221 -0.034970 0.304144 -0.445421 0.052231 -0.466865 -0.279208 4.000000
0.303529 -8.015191 -0.646881 0.508688 0.159505 -0.231911 0.681613 0.667890 -0.126482 -0.424778 0.486175 0.257809 -0.961218 0.955940 -0.572534 0.824531 -0.411428 -0.386509 0.545408 0.723707 0.380273 0.394723 0.380188 -0.263008 0.723115 -0.016842 0.342962 -0.026575 0.040569 -0.685364 0.679203 -0.228412 -0.214627 -0.065375 -0.029854 0.408497 -0.110373 0.468061 0.278065 0.111435 0.087193 -0.146398 -0.034894 -0.618626 -0.323315 -0.409798 0.108636 -0.166885 -0.164906 0.051483 -0.029365 0.163152 -0.081707 -0.062461 5.000000
1.455602 -9.011544 -1.564612 2.506239 0.835015 0.366552 -1.353713 0.407368 -0.094963 -0.632519 0.693634 0.068278 -0.636735 0.829691 -0.663974 0.671824 -0.749269 0.048799 -0.055259 1.060530 0.437157 0.271768 0.555241 0.183450 0.672961 -0.493875 0.450883 0.131305 0.043235 -0.205458 0.279403 0.024856 0.114561 -0.175434 -0.028280 0.227915 0.174293 0.088589 0.228308 0.006567 -0.000221 0.101084 0.200816 -0.246656 0.086473 -0.244905 0.025307 -0.239423 -0.150607 -0.132730 -0.025729 -0.221374 0.055049 -0.240822 5.000000
1.325033 -9.040255 -1.330351 2.669632 0.920868 0.202974 -1.740872 0.251300 -0.087169 -0.773641 0.875389 0.286796 -0.772077 0.754614 -1.053575 0.296797 -0.952441 0.003819 -0.757104 1.136376 0.155341 0.016926 0.502107 -0.094801 0.623205 -0.431920 0.532633 0.015407 -0.141342 -0.261402 0.495627 -0.159785 0.030906 -0.134988 0.046512 -0.213401 0.512138 -0.126377 -0.131924 -0.383270 0.365141 0.097998 0.270635 -0.231149 0.213949 0.076887 -0.339238 0.066527 0.319775 -0.242580 0.065735 0.053771 0.153326 0.148168 5.000000
-2.225798 -8.774387 -1.262669 1.397111 0.559473 -3.071705 0.177603 2.479658 0.139424 -0.677972 0.208241 -0.096756 -1.183582 0.842413 -1.112302 -0.052673 -0.058122 -0.680503 1.272283 0.140079 -0.002448 0.351296 0.181288 0.251533 1.018998 0.198878 0.831257 0.082993 0.121271 -1.194881 0.943935 -0.237806 -0.184699 0.325542 0.076972 -0.101864 -1.192833 0.761625 0.148484 0.408368 0.496197 0.261223 -0.277185 -0.056831 -0.377569 -0.539471 -0.404696 0.171007 -0.316473 -0.305819 0.197448 0.621904 -0.160372 -0.074109 5.000000
1.363862 -9.340613 -1.579263 2.438940 0.652687 0.199709 -1.297213 0.414485 -0.357107 -0.700638 0.290171 0.150034 -0.876615 0.987568 -0.848344 0.581695 -0.829027 -0.035787 -0.234399 1.222762 0.443975 0.064419 0.531006 0.244403 0.632021 -0.476027 0.222259 0.346226 0.024089 -0.200608 0.167670 -0.109940 0.232131 -0.253308 0.165259 0.316461 0.433277 0.319252 0.304949 -0.064263 -0.086380 0.093952 0.030287 -0.115429 -0.031033 -0.190512 -0.027245 -0.033749 -0.135912 -0.129892 -0.182878 -0.122600 0.049836 -0.351239 5.000000
1.578964 -8.958137 -1.477674 2.784845 1.087903 0.172803 -1.506167 0.132448 -0.233126 -0.707215 0.666288 0.064180 -0.777091 0.781297 -1.004195 0.535237 -0.855084 -0.025172 -0.448926 1.281723 0.286583 0.228515 0.504527 0.170150 0.622241 -0.521348 0.360273 0.074356 0.064246 -0.171003 0.228515 -0.065042 0.311032 -0.173600 0.156108 -0.015164 0.432196 0.160071 0.166379 -0.207099 0.015086 -0.018103 0.181773 -0.004517 0.013807 0.147001 -0.099823 -0.085747 0.070710 -0.144999 -0.079366 -0.133082 0.146806 -0.077378 5.000000
1.777216 0.164763 0.494434 -1.935606 1.660941 1.578957 -5.365365 0.249268 -1.446204 -0.647813 1.731364 1.811847 -1.166639 0.338815 1.058674 -0.073860 -0.160098 -1.114779 -1.536080 0.101622 -1.320359 -0.181881 1.009752 0.402648 1.459155 -0.114946 0.855169 -0.021244 0.476462 -0.845483 -0.482728 0.032909 -0.168265 0.026254 0.107444 -0.288367 -0.251457 0.089680 0.786940 -0.255109 0.452491 -0.068509 0.129475 -0.416971 0.518507 0.027320 0.207221 -0.144729 0.256277 0.371516 0.067658 -0.231273 -0.446907 0.373333 5.000000
1.635923 -8.775671 -1.322374 2.846899 1.091052 0.296160 -1.646104 0.065577 -0.029755 -0.615533 0.856041 0.179984 -0.643310 0.662292 -1.089791 0.364832 -1.032479 -0.022684 -0.668969 1.033113 -0.014840 0.253675 0.440737 -0.256753 0.584871 -0.527692 0.467782 -0.208146 0.021808 -0.403653 0.399841 0.105920 0.058844 -0.000491 0.259260 -0.409442 0.135388 0.179084 -0.034111 -0.234188 0.232484 -0.085801 0.331918 -0.023577 0.057438 0.238564 -0.053948 -0.129825 0.340760 0.064699 -0.108136 0.020669 0.252041 0.203842 5.000000
1.676296 -8.744430 -1.418936 2.816618 1.195369 0.275492 -1.483348 0.058509 -0.121081 -0.579506 0.792037 0.008173 -0.602187 0.550836 -1.007542 0.498823 -1.066985 -0.000319 -0.487658 1.082008 0.042836 0.334229 0.551431 -0.005782 0.607987 -0.403940 0.388475 -0.198708 -0.009239 -0.232182 0.374604 0.129317 0.254902 -0.082910 0.292653 -0.221438 0.190572 0.128137 -0.115205 -0.397245 0.183153 0.076498 0.484470 -0.026965 -0.028523 0.214568 -0.082506 -0.130165 0.341279 0.091371 -0.111220 -0.086080 0.241101 0.066402 5.000000
0.780118 -9.075855 -1.425210 2.444226 0.340325 0.544961 -1.881875 0.596324 -0.377222 -0.949665 0.368838 0.303042 -0.782877 1.080274 -0.618234 0.433507 -0.940375 -0.131998 -0.483577 0.726413 0.693147 -0.079697 0.089142 -0.252683 0.442120 -0.571918 0.274469 0.201594 0.071404 -0.582584 0.277895 0.011947 0.196896 0.478156 0.195913 -0.297282 0.296553 0.133124 0.194581 -0.064861 -0.145964 0.043498 -0.023848 0.231311 0.236977 0.122946 0.378786 0.155875 -0.057039 -0.167248 -0.203973 0.063319 0.237441 0.311207 5.000000
1.354713 -8.934243 -1.326761 2.488682 0.914888 0.393721 -1.663339 0.248246 -0.127289 -0.726125 0.673943 0.082453 -0.786145 0.751437 -1.025495 0.408535 -1.007284 -0.020157 -0.485791 1.240952 0.219641 0.127673 0.555172 -0.023723 0.599592 -0.520618 0.454972 0.066623 0.164045 -0.215286 0.285760 -0.090912 0.185839 -0.103684 0.159041 -0.147145 0.504624 0.122188 0.054027 -0.232002 0.106788 0.045487 0.270946 -0.072576 0.166684 0.158951 -0.056632 -0.147072 0.128607 -0.020664 -0.032084 -0.077715 0.256159 0.095778 5.000000
8.189845 -1.184656 0.560784 -0.139264 -3.288089 -3.879337 3.250755 -1.597359 -0.213606 1.731975 -0.871908 0.261431 -1.322311 1.453998 0.191610 -3.496460 0.222985 0.161230 -1.398607 0.348760 1.697441 1.633247 1.440798 0.952291 0.910776 0.222416 -0.036542 -0.663222 -0.405190 0.523513 -0.259398 -0.002655 -0.243814 -0.204690 0.713962 -0.231709 -0.057713 -0.264905 0.142627 -0.224631 -0.457585 -0.133366 -0.402608 0.575620 0.427477 0.357375 0.122955 0.481250 0.178612 0.335457 -0.043856 0.344775 -0.148800 -0.422917 6.000000
11.516179 -3.613117 3.053157 -3.660949 2.626735 3.663670 0.437169 2.465777 -2.668242 0.244926 0.903269 -1.343699 1.060234 1.193684 1.502076 -0.267078 0.691358 0.039893 0.146329 0.113964 1.605806 0.642240 -0.950609 0.068382 0.959955 -0.180438 1.266884 1.533355 0.435190 0.132882 -1.162384 0.183637 -0.790411 0.593250 -0.356638 -0.611259 0.112244 -0.530341 -0.350524 0.092276 -0.759172 0.196478 -0.425592 -0.223954 -0.264088 0.047005 -0.055338 0.064624 0.023502 -0.358481 0.021192 -0.077010 0.135123 -0.231134 6.000000
11.496477 -2.508064 2.571512 -3.708032 2.000753 2.112279 -0.943062 2.495970 -1.942363 0.892505 -0.298736 -1.133248 1.363276 0.179563 -0.333848 -0.903712 -0.191114 1.803389 0.477176 -0.364558 -0.312798 -0.326840 0.303968 -0.068463 -0.192128 0.095373 -0.770859 -0.673855 -0.323293 0.249850 1.021605 -0.083274 0.383762 -0.344753 -0.184328 0.310144 -0.325562 0.198279 0.429754 -0.028172 0.195781 0.056555 0.192252 -0.032135 0.200466 0.036810 0.089950 -0.094299 -0.015951 0.110617 -0.050622 0.054957 -0.110274 0.202788 6.000000
0.035989 2.546991 -2.472175 -1.389369 -4.003459 -6.199689 -4.027247 2.881608 0.913148 1.255135 -0.726977 0.894438 -1.430590 0.499855 0.059048 -4.341291 0.220622 1.564785 -2.753735 -0.467271 1.906222 1.489622 -0.088252 0.505887 -0.747475 0.671831 0.141041 0.642995 -0.678611 0.221271 0.327014 0.763653 -0.177847 -0.654959 0.618428 0.581675 1.197383 0.643597 -0.608394 0.802955 -0.238161 -0.083858 0.364658 0.036451 -0.701998 -0.633128 0.342099 0.900704 -0.476863 -0.137307 0.489594 -0.002130 -0.026905 0.284194 6.000000
11.581787 -1.734678 2.785830 -3.777565 1.758103 1.615392 -1.255673 2.543589 -1.563550 0.940216 -0.300885 -1.058567 1.270827 0.199467 -0.739207 -0.921490 -0.494793 2.216191 0.379807 -0.440150 -0.508650 -0.469484 0.367942 -0.097624 -0.466043 0.151314 -1.219234 -1.000946 -0.332072 0.276150 1.200063 -0.272366 0.490919 -0.362985 0.010583 0.357185 -0.434563 0.406963 0.337613 -0.026548 0.484151 -0.102376 0.008833 -0.052831 0.199454 0.161365 0.197719 -0.183724 0.082799 0.170946 -0.007331 0.182693 -0.005686 0.168604 6.000000
11.581787 -1.734678 2.785830 -3.777565 1.758103 1.615392 -1.255673 2.543589 -1.563550 0.940216 -0.300885 -1.058567 1.270827 0.199467 -0.739207 -0.921490 -0.494793 2.216191 0.379807 -0.440150 -0.508650 -0.469484 0.367942 -0.097624 -0.466043 0.151314 -1.219234 -1.000946 -0.332072 0.276150 1.200063 -0.272366 0.490919 -0.362985 0.010583 0.357185 -0.434563 0.406963 0.337613 -0.026548 0.484151 -0.102376 0.008833 -0.052831 0.199454 0.161365 0.197719 -0.183724 0.082799 0.170946 -0.007331 0.182693 -0.005686 0.168604 6.000000
9.978470 1.494527 1.394279 -2.658847 -1.639369 -3.629091 1.391734 -2.339096 0.617245 1.529758 -0.680654 1.296377 -0.118378 0.948902 0.316188 -2.633247 -0.353364 -0.193427 -1.733781 -0.773807 1.044147 0.175670 1.686937 2.925891 0.340970 -0.938046 -0.288431 -1.550191 0.619413 -0.352483 -0.480215 -1.225276 -1.015864 0.007897 0.355419 -0.617263 0.134521 -0.557235 0.032068 -0.017696 -0.073955 -0.022613 0.262090 -0.317187 -0.337495 0.105919 -0.808696 -0.785804 0.214190 0.039696 -0.205777 0.366516 -0.426905 0.175515 6.000000
11.709224 -1.991538 3.002815 -3.991052 2.023276 2.505399 -0.687961 3.074000 -1.855935 0.693349 0.223714 -1.127979 1.366814 0.367590 0.233994 -0.608393 0.070447 1.539271 0.477286 -0.108409 0.300332 -0.277007 -0.210272 -0.229443 -0.159173 0.386909 -0.386382 0.132077 -0.138761 0.108610 0.592661 -0.069581 -0.022292 0.140883 0.083815 0.407563 -0.021793 -0.001280 0.136140 -0.030579 0.163266 -0.336995 -0.096577 -0.121181 -0.052394 0.136286 0.091815 -0.133310 0.084534 0.113683 0.149194 -0.073079 -0.021592 0.114690 6.000000
11.567984 -3.683042 2.671062 -3.444011 2.551581 3.263083 -0.138172 2.692070 -2.538564 0.503512 0.109202 -1.320807 1.309352 0.356997 0.706299 -0.509957 0.583665 0.597847 0.541276 -0.216049 0.797588 0.452723 -0.743093 -0.112643 0.528962 -0.024975 1.063443 0.897374 0.137939 0.053104 -0.319646 0.554371 -0.260441 0.237800 -0.081630 -0.164014 0.155153 -0.299337 0.047016 -0.163223 -0.308053 -0.092175 0.169843 0.488388 -0.418121 -0.211855 -0.407025 0.137055 0.089338 -0.097361 -0.024336 -0.393614 -0.068419 -0.045202 6.000000
11.193555 -4.010796 2.554487 -3.781148 2.576881 3.822884 0.517551 1.939952 -2.871978 0.239221 0.620655 -1.132202 1.327387 1.018968 1.140380 -0.307647 0.707442 0.181199 0.304148 -0.100714 1.206913 0.855600 -0.897513 0.268000 0.702623 -0.311432 1.160043 1.544057 -0.164347 0.034293 -1.168308 0.289879 -0.488817 0.658581 -0.466526 -0.541213 0.041558 -0.501690 -0.280756 -0.010218 -0.823267 0.447313 -0.086079 -0.114235 0.097592 -0.167084 -0.166872 0.024647 -0.097664 -0.132299 -0.187206 0.067825 0.196093 -0.138966 6.000000
11.908910 -1.653134 3.066688 -4.205246 2.351106 2.226721 -0.704973 2.984863 -1.682521 0.554766 0.153967 -1.136768 1.086568 0.332079 0.095513 -0.417404 0.126275 1.426811 0.424908 -0.124439 0.188004 -0.245265 -0.497012 -0.133580 0.043081 0.046168 -0.107175 -0.329016 0.061819 -0.046782 0.622129 0.090303 -0.198058 -0.272152 0.268713 0.298522 -0.049291 -0.122440 0.070488 0.163838 0.145782 -0.267165 0.289662 0.225147 -0.346251 0.110869 -0.023525 0.036030 0.208262 0.141479 0.032376 -0.141348 -0.015683 0.118794 6.000000
-1.851351 6.190079 0.612330 4.271763 -0.432333 1.473720 -1.954327 -0.302259 -1.214151 0.993251 -0.446126 1.657058 -0.806034 -1.887213 -1.763540 -0.036669 0.652771 0.325173 1.781148 -0.191117 0.668954 0.597531 1.622402 -0.711149 0.823251 -0.119602 -0.146986 0.532889 0.185599 -0.323354 1.156934 0.606070 -0.414895 0.264840 -0.204951 -0.546256 0.857271 -1.130674 -0.366023 -0.526410 -0.465272 0.460898 -0.385721 -0.036043 0.618483 -0.212562 0.691616 0.165854 0.166943 0.907999 0.038125 0.482209 -0.615238 0.818006 7.000000
3.988154 4.792346 -1.138211 3.183936 -2.951132 1.695234 -1.867090 -2.417899 -1.109826 -1.471145 -0.194348 0.590791 0.306086 -0.916263 -0.368733 -0.817230 -0.428123 0.445414 1.257130 -0.045666 -1.025866 0.934003 -0.452070 0.057188 0.449409 0.876620 0.969375 0.232989 -1.369680 0.003021 0.199638 -0.497988 -0.171422 0.449626 -0.395653 -0.092268 0.579173 -0.687425 0.600252 0.642128 0.250396 -0.701715 0.038717 -0.728403 0.062146 0.206924 0.607570 -0.326655 -0.126979 -0.450507 0.120827 0.210037 -0.612394 -0.277990 7.000000
0.048166 4.063475 -2.599799 3.125150 -0.787079 2.764503 0.267621 -1.360777 -0.345009 -1.062583 1.210575 -0.210267 0.623636 -1.124758 -2.469808 -0.949219 -1.002568 0.324351 0.901416 -1.437656 -0.204659 1.029467 0.245295 -0.140218 0.434826 0.318605 0.091566 -0.008069 -1.470722 0.033488 -0.030795 -0.023356 -1.131054 -0.763596 -0.758299 -0.541922 0.364165 -0.625339 -0.556355 -0.137950 0.760729 -0.184094 -0.242193 -0.768527 -0.191027 0.633348 -0.561934 0.005002 -0.129093 -0.064865 -0.208089 -0.003781 -0.302429 -0.414448 7.000000
-9.894441 7.286317 -5.025663 1.306508 -0.602824 -1.843320 -5.474108 1.999006 -0.212839 -0.870761 0.871533 -1.528011 1.396583 -1.147669 -1.932545 -1.000256 -1.290565 0.742803 1.436590 -1.201211 -0.261398 -0.842175 0.200601 -0.252414 0.392868 -0.249770 0.090625 0.559173 -0.460523 0.515009 -0.900739 -0.050757 -0.993233 -0.689334 -0.361893 -0.987175 0.509933 0.438913 -0.168392 -0.061152 0.355451 0.255549 0.398475 0.161396 -0.181272 0.618094 -0.663670 0.103332 -0.689535 0.465843 -0.318974 0.242977 -0.113462 -0.139735 7.000000
1.893834 5.664098 -3.459707 2.476787 -1.381281 2.387290 -0.725407 -0.758656 -1.749110 -2.123872 -1.414987 -1.035474 -1.020943 -1.406259 -0.277866 0.160076 -0.369973 0.149278 0.560829 -0.610899 -0.162443 1.355473 0.080409 0.581326 -0.177600 -0.029628 -0.148109 -0.212510 -0.653265 -0.921080 -0.237017 -0.125988 0.114161 0.334779 0.395601 0.512251 0.046706 0.115767 0.045648 -0.112750 -0.315656 -0.148069 -0.568595 0.063784 -0.394284 -0.619728 0.482163 -0.135276 0.521488 -0.104760 -0.201730 -0.220831 0.364179 0.337305 7.000000
1.893834 5.664098 -3.459707 2.476787 -1.381281 2.387290 -0.725407 -0.758656 -1.749110 -2.123872 -1.414987 -1.035474 -1.020943 -1.406259 -0.277866 0.160076 -0.369973 0.149278 0.560829 -0.610899 -0.162443 1.355473 0.080409 0.581326 -0.177600 -0.029628 -0.148109 -0.212510 -0.653265 -0.921080 -0.237017 -0.125988 0.114161 0.334779 0.395601 0.512251 0.046706 0.115767 0.045648 -0.112750 -0.315656 -0.148069 -0.568595 0.063784 -0.394284 -0.619728 0.482163 -0.135276 0.521488 -0.104760 -0.201730 -0.220831 0.364179 0.337305 7.000000
1.397451 12.159950 -1.852019 0.242501 -0.102350 3.289027 -3.672172 -0.705539 -2.272168 -0.996838 1.292889 0.765949 -0.444942 -0.662213 -0.030635 -1.449167 -0.435710 -0.823212 1.164174 0.344549 -0.076025 -0.057577 0.304621 -0.437481 0.790978 -0.229305 0.061361 -0.360883 -0.736266 -0.834487 -0.334501 -0.611655 -0.033610 -0.329047 -0.436959 -0.018186 0.237543 0.431729 -0.423095 -0.308663 0.381789 0.301932 -0.523614 0.707900 0.145217 0.605010 0.032554 0.544728 -0.256174 0.480212 -0.407139 0.188707 -0.025872 -0.398575 7.000000
2.048054 4.663335 -5.438247 2.264640 -0.813348 2.573825 -1.511821 -1.512453 -1.584021 -2.670548 -0.585587 -1.574267 0.674980 -0.725109 -0.122109 -0.693663 -1.021518 0.453778 0.763189 0.047861 0.193256 -0.318391 0.089776 1.369356 -0.489162 -0.045602 -0.851706 -0.122216 0.283388 0.040638 -0.900103 -0.154241 -0.000140 0.460245 0.328222 -0.148295 -0.676292 0.282870 -0.313951 0.479984 -0.006268 0.592859 0.693559 0.701620 0.017577 -0.173906 -0.536287 0.171877 -0.576285 0.054318 -0.051029 -0.052568 0.534961 0.003394 7.000000
2.153643 5.685646 -3.663594 2.352383 -1.358495 2.420526 -0.824121 -0.986757 -1.848655 -2.334240 -1.208837 -1.051790 -0.895497 -1.393318 -0.232933 -0.004580 -0.408900 0.128883 0.647602 -0.455264 -0.257433 1.165688 0.190906 0.647025 -0.255733 0.088716 -0.246230 -0.306380 -0.586190 -0.833052 -0.304330 -0.228173 0.108568 0.530490 0.342871 0.392201 -0.055120 0.030524 -0.072126 0.090563 -0.258145 0.040465 -0.408021 0.131159 -0.407233 -0.588090 0.324219 -0.128486 0.464009 -0.193549 -0.177924 -0.339660 0.303763 0.281258 7.000000
3.673386 4.712965 -4.775196 1.100490 -0.854730 2.215642 -1.500133 -2.045629 -2.050156 -2.627342 -0.841098 -0.817602 -0.353599 -0.639963 -0.001591 -0.786108 -0.744926 0.282104 0.331990 0.154557 -0.292143 0.029039 0.013310 0.783238 -1.048914 0.319333 -0.308680 -0.412867 0.356431 -0.369045 -0.241581 -0.315382 -0.151332 1.028498 0.437460 -0.209449 -1.020756 0.027161 -0.401293 0.388126 -0.146497 0.090754 0.641036 0.213234 0.564833 0.473552 -1.254306 -0.128074 -0.166598 -0.461890 0.323699 -0.494290 -0.085264 -0.015747 7.000000
3.447077 4.140893 -4.904115 1.559177 -0.837626 1.921305 -1.443498 -1.347041 -1.728432 -2.775864 -1.768014 -0.884604 -1.273868 0.247075 0.515930 -1.001463 -0.122804 0.309233 0.617521 0.543816 0.031072 0.579858 0.371676 0.546340 -1.232296 -0.784310 -0.357911 0.563332 0.944630 -0.377117 0.449024 0.175977 0.536132 0.515223 0.378594 -0.082923 -0.556602 0.619419 -0.273680 0.732521 -1.160707 -0.532574 0.886874 -0.273826 1.013544 0.268295 0.164730 -0.226008 -0.292039 -0.241171 0.054013 0.183484 -0.271039 -0.246472 7.000000
2.885102 2.950452 3.653642 3.990751 -0.271382 0.041437 3.928242 1.168628 -1.478175 1.569223 -0.005933 0.229104 -2.787118 -0.568108 0.482890 0.126615 -0.520466 -0.220594 0.409506 -0.315618 -0.739926 0.135623 -0.169604 -0.033055 0.554655 -1.396346 0.260181 -0.913466 0.194831 0.911331 -0.356714 -1.033624 0.031721 0.775874 -0.414301 0.231049 0.238506 -0.632123 -0.128412 0.004497 0.440252 -0.512407 0.202519 0.533638 -0.034489 -1.618328 -0.428699 -0.424404 -0.498098 0.442152 0.319452 -0.003201 0.172134 0.569593 8.000000
1.769404 4.238289 0.000691 5.111841 -0.263187 0.326594 2.429371 1.730325 0.062466 0.923643 0.643766 0.771562 -0.745894 0.883049 1.532650 -0.997429 -2.363664 -1.295278 0.813649 -0.593090 -0.625042 -0.867894 -2.182947 1.681613 -0.875830 -1.067095 -0.020208 0.214311 0.433273 -0.131288 0.907715 1.750431 0.414944 -0.894661 -0.087928 0.025762 0.739175 -0.077126 -0.385701 -0.226168 -0.187467 0.211058 0.027891 -0.145381 0.218320 0.089835 0.021921 -0.375256 0.278178 0.077164 -0.381463 0.143977 -0.171813 -0.026863 8.000000
3.349876 1.385956 1.704145 5.966321 0.332980 -0.101113 1.214375 0.902105 -2.816762 1.474848 0.811475 0.340146 -2.764073 -0.118107 0.598257 -0.440325 0.082731 -0.846492 0.428545 0.469238 -0.599807 -0.452673 -0.816890 -0.877781 -0.260811 -1.305532 -1.062353 -0.366660 -0.297056 0.880256 0.605268 -0.020398 0.389678 0.390564 -0.287688 -0.200959 -0.004989 -0.503057 -0.878754 0.120092 0.627651 -0.124097 -0.287397 0.008787 -0.302170 -0.226445 -0.084176 0.553525 -0.456805 -0.260376 0.125648 -0.438192 -0.033121 -0.499702 8.000000
-6.586740 3.947831 2.994691 4.380922 -0.391179 -4.470060 -0.372847 4.668182 -2.129734 3.275957 -0.685808 -1.865569 -3.619832 -1.424393 0.546339 -0.111341 0.617825 0.338675 -0.500606 -1.543664 0.249566 0.229808 -0.214463 -1.477177 1.438487 -0.978538 0.155661 -0.767786 -0.275556 -0.330177 -1.565816 -0.034676 0.883863 -0.075344 0.318379 1.153833 -1.068007 0.731145 0.415882 0.063191 -0.763397 0.708604 -0.696004 -1.721517 0.037246 1.215728 -0.379453 -0.292483 0.492352 -0.502145 -0.203379 0.287789 0.030095 -0.028061 8.000000
0.868075 3.678944 3.150192 4.890275 0.750857 1.050079 1.691134 1.403450 -0.380809 1.624537 -0.935176 1.129560 -1.848384 -0.878522 0.167705 0.783064 -0.432160 -0.839804 -0.174802 -0.759322 -0.137195 0.288047 -0.928418 -0.136318 -1.179057 -0.352446 0.793318 0.335038 -0.504637 0.565110 -0.487661 -0.825051 -0.283844 -0.149194 0.285889 0.536455 0.104722 0.206975 0.516047 0.363848 0.649910 -0.792465 0.304100 0.164115 -0.411295 0.415884 -0.234675 -0.411173 -0.189903 0.194399 -0.110779 -0.054026 0.266495 0.606757 8.000000
1.769404 4.238289 0.000691 5.111841 -0.263187 0.326594 2.429371 1.730325 0.062466 0.923643 0.643766 0.771562 -0.745894 0.883049 1.532650 -0.997429 -2.363664 -1.295278 0.813649 -0.593090 -0.625042 -0.867894 -2.182947 1.681613 -0.875830 -1.067095 -0.020208 0.214311 0.433273 -0.131288 0.907715 1.750431 0.414944 -0.894661 -0.087928 0.025762 0.739175 -0.077126 -0.385701 -0.226168 -0.187467 0.211058 0.027891 -0.145381 0.218320 0.089835 0.021921 -0.375256 0.278178 0.077164 -0.381463 0.143977 -0.171813 -0.026863 8.000000
-0.581421 9.559516 7.140174 0.964071 3.555279 1.693600 -0.087603 1.894217 0.387744 2.459180 1.153839 0.061015 -2.504862 -0.840591 1.388823 1.835061 -0.772955 -0.368025 -0.601459 -1.718973 0.649717 0.098601 0.482687 -0.256057 -0.249715 0.618415 1.261003 -0.137607 0.985580 -0.186818 0.448732 -1.354305 -0.919265 0.559295 1.222861 0.306187 0.726202 0.298395 -0.145723 -0.171976 0.628328 0.455788 0.572146 0.229327 0.124315 0.173902 0.049370 -0.174384 -0.947155 -0.011842 0.878434 -0.839655 -0.479486 0.010561 8.000000
-0.104329 -0.872049 1.856781 4.943359 2.948111 0.901755 1.217322 1.039494 0.337418 1.917934 1.636557 -0.310528 -1.624206 2.481871 -0.057164 1.025866 -1.013127 -0.156303 1.416048 -0.725251 -0.789941 0.992320 1.802874 -0.626727 -1.734817 0.293945 -0.911997 -0.065130 -0.177492 -0.079780 0.495254 -0.017625 -0.848286 0.612520 -0.480069 -0.264322 0.518133 0.451254 -0.239132 -0.057289 -0.599361 0.851824 -0.169205 1.222250 -0.586976 0.208395 -0.010795 0.287792 0.043365 -0.601639 0.195547 0.609155 0.094018 -0.119006 8.000000
5.317981 0.468176 1.513836 4.824615 -1.184871 -1.331584 0.998510 -0.787902 -3.432063 1.416748 0.651174 -0.279013 -2.733904 -0.542022 1.347979 -1.652831 0.528250 -0.860269 -0.159541 1.328540 -0.396614 0.860142 -0.645217 -1.062675 1.288910 -0.745110 -0.791727 -0.627632 -0.496117 1.147016 -0.377425 0.455784 0.636792 0.246312 -0.300351 -0.307253 -0.542078 -1.056694 0.554650 0.562633 0.976333 -0.345065 0.371023 0.414973 0.068136 -0.030374 0.575503 0.223165 -0.528335 0.281829 0.092154 0.457246 0.414056 -0.426392 8.000000
-3.068015 -0.167996 -3.775236 -0.473642 0.358285 1.945897 0.061919 -1.018368 3.102123 2.211295 0.944534 -0.470615 2.782898 2.379118 -1.012235 -0.701722 -0.496922 0.329073 -1.880940 -0.533268 -1.626966 1.892008 -1.067781 -0.098692 -1.058571 -0.359248 0.048587 0.107079 0.663826 -0.589896 0.980121 -1.324568 1.108093 2.269265 -0.453687 0.640190 0.949618 -0.574272 0.025987 0.818489 -0.058813 0.641847 -1.389475 -0.632921 0.249241 0.347035 -0.056916 0.416656 -0.239332 0.588119 -0.393012 -0.154375 -0.189805 -0.791627 8.000000
-0.805214 1.186751 4.491181 3.668712 2.618498 0.925886 -0.012270 0.995616 1.403105 1.665851 -1.005739 0.275026 -1.508570 -0.867284 0.205485 1.309612 0.488873 -0.275000 0.622080 -0.524466 0.992622 1.015543 1.231343 -0.214629 -2.648661 -0.042682 0.851412 -0.041392 -0.189079 -0.050243 0.513184 0.110452 -0.441449 0.176029 0.134841 -0.123916 0.581808 -0.075256 0.598070 1.042015 -0.531239 -0.034493 0.191055 0.207227 -0.370304 0.912489 0.411497 -0.155860 0.340475 -0.391436 0.221361 0.405709 0.089104 -0.730083 8.000000
3.544745 -0.120174 -1.266596 2.672636 -1.430090 0.264697 4.357346 -1.521975 0.057347 -0.865721 3.289018 1.300495 1.402198 1.635100 -1.864649 -0.624581 1.157390 -0.438942 1.803367 0.829240 -0.098914 0.082484 -0.143279 -0.497117 -0.167502 0.796492 -0.021551 -0.905285 0.048625 0.617092 -0.115135 0.416319 -0.316198 -0.182230 0.507351 -0.043656 -0.080017 0.176450 0.304047 0.240548 -0.932791 0.222915 -0.752449 -0.410863 -0.258716 0.112419 0.007015 -0.650845 -0.137394 0.339376 0.376428 0.062073 -0.002249 -0.087397 9.000000
-2.312464 -0.605039 -0.067417 4.021081 0.240766 1.967527 2.075824 -0.065518 1.261822 2.082785 3.500352 0.909609 -0.245176 1.615400 -2.886190 -0.017623 -0.639301 1.357012 -0.614277 -1.036331 -1.490716 0.488580 -0.321697 -0.201295 -0.181213 0.460694 0.696243 0.101513 -0.225502 0.372598 -1.103481 -0.180564 -0.795901 -0.534474 -0.465588 1.163692 -0.187244 0.547727 -0.335353 0.087954 -0.778746 -0.938448 0.396723 0.194829 0.576973 -0.424132 -0.376021 -0.247253 -0.129312 -0.332548 -0.234183 -0.140478 -0.073917 0.383320 9.000000
6.797344 0.041182 0.485377 3.664330 -3.282495 -2.967181 -2.339399 -3.096558 -0.586505 1.166113 0.982679 -0.477723 1.295170 1.353811 1.279736 0.994546 0.605913 0.022498 0.643325 -0.278844 0.270866 -0.291197 0.221941 -1.057947 -0.297013 0.680892 0.546836 0.269778 -0.285082 0.010886 0.293963 -0.322605 -0.060945 -0.512575 0.003360 0.496613 -0.069887 -0.488391 -1.177821 0.404817 0.473597 0.226428 0.312379 -0.186195 -0.215591 0.277831 -0.080354 -0.311820 0.195832 -0.250820 -0.278660 -0.119092 -0.427418 -0.042005 9.000000
-7.231624 -0.667529 -2.012570 3.756822 -0.513148 -4.081871 1.003514 3.260617 -0.012067 1.007877 3.197385 0.551583 0.638506 2.303577 -2.528180 -1.590743 0.508992 0.378705 1.870283 -0.323701 -1.576609 0.514291 0.119063 -0.289767 0.499491 0.635907 -0.615119 -0.542209 0.960774 0.725690 -1.321494 0.771632 -0.350987 0.821850 -0.456026 0.535481 0.043429 -0.274670 0.979517 -0.091192 -0.414382 -0.721905 0.252233 0.172405 0.649590 -0.736004 0.106814 0.324080 0.603538 -0.374814 0.047314 -0.668848 -0.372139 0.036421 9.000000
6.469886 0.028654 0.465593 3.654925 -3.668383 -3.372128 -2.851157 -3.390861 -0.632871 1.869649 0.805814 -1.145589 1.612533 1.608079 1.388625 1.183184 0.701189 0.085870 0.603707 -0.472442 0.669146 0.067793 0.194800 -0.973148 0.128049 0.358626 0.191003 0.324577 0.163623 -0.250363 0.007646 -0.057329 0.180565 -0.499742 0.061367 0.519224 -0.322015 -0.159333 -0.723641 0.342671 0.416760 0.063924 0.396999 0.267338 -0.058202 -0.329493 0.309249 0.185960 0.553224 0.006270 -0.252420 -0.028859 -0.296744 0.183103 9.000000
6.469886 0.028654 0.465593 3.654925 -3.668383 -3.372128 -2.851157 -3.390861 -0.632871 1.869649 0.805814 -1.145589 1.612533 1.608079 1.388625 1.183184 0.701189 0.085870 0.603707 -0.472442 0.669146 0.067793 0.194800 -0.973148 0.128049 0.358626 0.191003 0.324577 0.163623 -0.250363 0.007646 -0.057329 0.180565 -0.499742 0.061367 0.519224 -0.322015 -0.159333 -0.723641 0.342671 0.416760 0.063924 0.396999 0.267338 -0.058202 -0.329493 0.309249 0.185960 0.553224 0.006270 -0.252420 -0.028859 -0.296744 0.183103 9.000000
4.975978 4.812582 0.505246 0.169702 -0.582445 1.205307 0.747414 -1.484488 -1.784081 -0.203052 4.564924 1.960595 0.433142 2.323667 0.249552 -0.613858 0.681713 -1.705329 1.076103 1.794061 -0.029585 -0.555783 0.489897 -0.763244 -0.424188 1.682795 -0.513324 -1.206838 -0.023614 0.000401 -0.721493 0.757119 -0.521728 -0.327959 1.322204 0.160521 -0.017879 0.739185 0.132595 0.325636 0.300972 1.256400 -0.360759 0.251635 -0.543528 0.488778 0.453798 -0.361928 -0.309784 -0.125101 0.074534 -0.403737 0.222101 0.134067 9.000000
6.334474 2.303155 -0.949492 2.675322 -4.129030 -2.160391 -2.056297 -2.165349 0.871855 -0.258192 0.577788 -1.759199 0.723693 1.045864 2.029472 1.661611 -0.580646 0.079335 0.556285 -0.320682 0.440670 0.149655 -0.680012 0.422126 -0.568181 0.647064 0.820450 -0.012790 0.108065 -0.274113 0.563002 0.289952 -0.516795 -0.412286 1.148415 0.445425 -0.021685 0.092995 1.297709 -0.683145 -0.342198 -0.687040 -0.737208 0.023047 0.939564 0.291953 -0.597827 0.480981 -0.215604 1.073130 0.385203 -0.000552 0.747829 0.045734 9.000000
7.427032 0.515620 0.222530 2.202351 -3.819382 -3.098923 -2.824298 -2.610570 0.728072 1.656117 0.492639 -1.735161 1.216177 0.906315 1.011063 1.914609 -0.207575 0.315145 0.572052 -1.354055 0.168626 -0.416341 -0.191386 0.371435 -0.215446 -0.713427 0.316013 0.303869 0.034704 -0.464709 -0.098862 0.403093 -0.094890 0.106955 0.663260 -0.000684 0.002768 0.110530 0.549680 -0.249888 -0.325152 -0.730394 -0.578593 -0.320601 0.270934 0.031359 -0.429001 0.507945 -0.431318 0.336949 0.659598 -0.134745 0.211346 0.098032 9.000000
7.946411 -1.099408 1.337429 3.006131 -2.585705 -2.437727 -2.741066 -3.363530 -0.590807 2.018825 0.281766 -0.651009 0.883964 0.523709 1.240406 0.900611 -0.112205 0.426990 0.410939 -1.074293 -0.058206 -0.314731 0.341357 -0.248614 -0.033729 -0.552438 0.217748 0.178171 0.047098 0.120518 -0.570424 -0.062226 1.110914 0.081628 -0.746518 0.256494 -0.292540 -0.450605 -0.671122 -0.319259 0.361627 0.213342 0.077146 -0.078528 -0.322593 -0.326664 -0.594061 -0.450438 0.046887 -0.133850 -0.523631 0.073802 0.423639 -0.120092 9.000000
8.030727 -1.280425 0.444242 1.084302 -2.268897 -2.738291 -3.621522 -2.365298 0.808335 2.264216 0.096107 -1.423249 1.553348 0.725977 -0.824521 2.131542 0.173956 0.253995 0.331519 -1.524138 -0.397089 -1.346989 0.379541 1.132687 -0.054924 -2.362403 -1.093131 -0.430967 0.262816 0.205299 -0.534284 0.238093 0.167745 0.618488 -1.127770 -1.602321 0.158470 0.898052 1.385070 -0.196612 -0.284011 0.081925 -0.084727 -0.050766 -0.855590 0.002090 0.587372 0.399029 -0.449201 -0.561998 0.453055 0.338026 0.036405 0.252015 9.000000
-5.889606 1.292701 4.536081 -0.231939 2.075392 -0.777078 0.043522 -0.920985 2.406619 -1.931332 0.202468 0.080919 1.522275 -0.604826 1.161812 -0.512742 0.733046 0.182118 1.217424 0.999383 0.783488 1.842929 -0.955825 -0.065133 0.030215 -1.297718 -0.329006 -0.630610 0.220387 -0.162959 0.029129 -0.326166 -0.422130 0.131948 0.538628 0.161524 0.307555 0.511525 -0.073120 -0.901376 0.595265 -0.060056 0.036865 0.122637 0.158991 -0.011525 -0.005969 0.014345 -0.114223 0.000199 -0.607946 -0.029089 -0.072063 0.130852 10.000000
-6.743096 1.977342 1.041257 0.108488 2.130206 1.064592 -0.602462 -2.211811 2.377825 -0.835786 2.027696 -0.963387 2.615164 0.848431 -0.109919 -0.612936 -0.965609 1.095358 -1.048418 0.774369 -0.776125 1.347960 -0.846126 -0.665597 0.142854 -2.196549 0.624083 0.008598 -0.738909 0.972452 -0.953732 -0.865729 0.461709 -0.295195 -0.364439 0.015784 -0.426275 0.711370 -0.541857 0.692957 -0.218677 0.516110 0.685938 0.278892 0.300156 0.311858 0.401310 -0.314351 0.341838 0.779600 0.934629 -0.346638 -0.251355 0.120974 10.000000
-3.697341 5.475131 3.509870 4.035666 3.028103 1.099746 -0.801752 -0.635630 1.539742 0.313244 -2.651279 1.743771 1.830659 1.399940 -0.136595 -0.653333 -0.745019 -0.347381 -0.111442 0.107140 0.555569 -0.581327 -0.384792 -0.130732 0.893168 0.444994 -0.277598 0.290566 -0.151327 0.088498 0.388288 -0.301402 -0.132828 -0.234915 -0.247911 -0.306246 -0.190106 -0.354926 -0.185369 0.251260 0.206997 -0.113918 -0.131679 -0.605077 0.160302 0.158385 -0.163124 0.309570 0.101859 -0.366495 0.384345 -0.424244 0.222687 -0.055458 10.000000
-9.325335 1.852295 3.574814 -0.214128 1.296768 -2.776151 -0.124198 1.189449 2.318242 -1.290429 0.108949 -0.521033 1.857219 -0.002566 0.122568 -0.835508 0.977322 0.163256 1.772668 0.651756 0.741065 1.867607 -1.465690 0.367501 0.233373 -1.243923 0.029686 -0.663232 0.369607 -0.008905 -0.245443 -0.273824 -0.257053 0.364702 0.767265 -0.118645 -0.357298 0.334497 0.132782 -0.425511 0.887889 0.323029 -0.566032 0.347598 0.190371 -0.045796 -0.234140 0.469710 -0.325613 -0.230361 0.200646 0.485219 -0.235877 0.054709 10.000000
-3.948861 5.600885 3.449207 3.549969 3.021971 1.544659 -0.853880 -0.839215 1.855591 0.285698 -2.934052 1.556211 1.585337 1.072159 -0.150912 -0.581962 -0.411837 -0.440694 0.085327 0.026465 0.592768 -0.172135 -0.046656 -0.464504 0.885642 0.247316 -0.583378 0.201848 0.409484 0.116558 0.113888 0.117631 0.093655 -0.165058 0.058436 -0.160991 -0.475743 -0.113335 0.145737 0.117730 -0.260957 -0.171401 -0.289824 0.152254 0.024707 0.143286 -0.087160 -0.019797 0.075806 -0.052295 -0.010778 -0.110699 0.164521 0.085372 10.000000
-2.723215 6.101377 3.062399 4.807840 2.372935 1.279338 -0.781919 -0.215677 0.795557 0.948182 -2.583229 1.867191 0.755466 1.305527 -0.451926 -0.397462 -0.620434 -0.586737 0.022169 -0.510073 0.748345 -0.344509 -0.355969 -0.311421 0.789447 0.616125 -0.606395 0.362130 0.143307 -0.228784 -0.044058 -0.250372 0.485202 0.113466 0.153871 0.091977 0.004336 0.085951 0.398736 0.059994 0.002436 -0.282369 0.213311 0.030423 -0.401287 0.042753 -0.000613 -0.327301 0.128730 -0.202723 0.159596 0.010889 0.222688 0.208111 10.000000
-4.996348 6.062468 5.442635 -2.669675 2.533344 1.763480 -2.659360 -2.207772 3.228116 -2.223832 1.691779 1.004463 0.805162 -1.611291 2.494880 -0.246746 0.213600 1.613943 -0.020196 1.028502 0.715672 2.287197 -0.374219 -1.773847 -1.548059 -1.713263 -0.296356 -0.476868 0.784690 0.493328 0.030560 0.041093 -0.370427 -0.229222 0.331073 0.104542 0.323662 0.150197 0.159810 -0.881386 0.035055 -0.029958 -0.098068 -0.614519 -0.095837 -0.593014 -0.149315 -0.103224 0.241345 -0.657504 -0.658662 0.524473 -0.299344 0.414889 10.000000
-3.812591 5.753074 3.367330 4.001773 2.897107 1.450222 -0.875455 -0.828241 1.770345 0.235109 -2.719756 1.562688 1.831462 1.315758 -0.075676 -0.613193 -0.816907 -0.390331 -0.273604 0.092486 0.494745 -0.312571 -0.410848 -0.424249 0.965524 0.262875 -0.512700 0.056668 0.218070 0.006236 -0.014177 0.012280 0.075179 -0.065246 -0.027155 -0.136942 -0.453646 0.056730 0.281101 0.515331 -0.030617 -0.127139 -0.176027 0.028949 0.107770 0.050278 -0.081492 0.060296 0.105290 0.077767 0.114377 -0.341779 0.262636 0.153581 10.000000
-3.646267 5.702998 3.382628 4.210367 2.822921 1.450289 -0.902904 -0.680774 1.591031 0.241812 -2.847985 1.633297 1.723322 1.263974 -0.042534 -0.550159 -0.870059 -0.336870 -0.133437 -0.058750 0.680145 -0.406390 -0.428850 -0.136605 1.050418 0.470769 -0.575518 0.171699 0.195406 -0.124847 0.002599 0.074215 0.173950 0.024384 0.002042 -0.074518 -0.373315 -0.116611 0.370016 0.360855 0.017382 -0.079891 -0.160808 -0.023682 -0.155869 -0.070650 -0.010300 0.092431 0.257496 -0.060660 0.208284 -0.271388 0.366677 -0.037007 10.000000
-2.589337 4.186477 3.837529 4.684636 3.689057 1.033908 -0.621879 -0.161127 1.153501 0.006687 -2.381166 1.287785 -0.554973 0.333982 0.353731 0.360901 -0.464428 0.176770 1.425075 -0.241568 0.861631 -0.512970 1.150665 0.232246 -0.344216 1.065607 -0.703701 0.531062 -0.108953 0.839295 -0.314228 -0.378128 0.008200 -0.377141 0.131244 0.037850 -0.336873 -0.403873 0.496104 -1.108513 -1.138085 0.405891 1.045735 -0.524383 -0.211632 -0.446726 -0.473083 0.070352 0.189974 0.745647 -0.234208 0.480413 -0.484549 -0.801830 10.000000
-3.555689 6.157084 2.064300 3.334211 2.366681 1.267861 -1.038328 -0.322887 1.156455 0.192466 -2.700958 0.907415 1.268822 0.852791 -0.253282 -0.453510 -0.371767 -0.689381 0.228246 0.233490 0.866911 -0.571778 -0.191423 -0.908403 0.900691 0.475358 0.069053 -0.323288 -0.603903 -0.207767 -0.122692 -0.472608 0.729095 -0.106968 -0.044974 -0.003227 0.072028 -0.004605 -0.018366 0.231253 -0.342367 -0.081130 0.270202 0.095519 -0.234060 -0.421954 0.466452 0.225954 -0.103018 -0.327804 0.355978 0.418254 0.320545 0.124920 10.000000
-4.721517 3.820283 1.167502 -6.202211 0.991204 -3.667967 2.952409 -1.202003 -2.876839 -0.697655 -0.335565 0.150851 0.089406 -0.643616 -0.037306 1.143820 0.029583 -0.213343 0.231221 -0.249918 0.184904 0.443829 0.165355 -0.747719 0.285642 0.314610 0.224750 0.339651 0.287253 -0.419584 0.518738 0.273383 0.006651 -0.201587 -0.300507 -0.826919 0.561061 0.006179 0.696587 1.699230 -0.137369 0.027825 0.054720 -0.058920 0.389550 -0.381719 -0.379967 -0.472652 0.043656 0.135415 -0.915706 -0.188092 0.540423 0.439176 11.000000
-4.253927 0.653716 0.313292 -4.191874 2.469618 -3.336906 1.399358 -2.222191 -3.261574 -0.188024 -0.198174 0.857144 0.462667 -0.102295 -0.842971 0.735505 -1.683722 0.419180 -0.176660 -0.105364 -0.175667 -0.023430 -0.153314 0.267062 -0.161272 -0.115331 0.112492 0.070754 -0.010580 0.207108 0.114119 0.456521 -0.314860 -0.044409 0.436588 0.079179 -0.527033 0.314420 -0.579029 -0.599590 -0.187351 -0.111607 -0.166999 -0.113108 0.018462 -0.033877 0.544146 -0.090419 -0.283429 -0.391114 0.440683 -0.336121 -0.097024 -0.135055 11.000000
-4.277289 -0.555351 -0.486052 -4.751872 1.530144 -3.127473 1.714272 -1.571087 -3.483769 0.075038 -0.097098 0.769315 0.594741 1.156230 -1.243495 1.125388 -1.369076 -0.661211 -1.364811 -0.574667 -0.559874 0.115740 -0.773938 -0.309450 -0.108801 -0.292521 -0.183436 0.055366 -0.299763 -0.443549 0.360085 0.219300 -0.150964 0.829371 0.081477 0.126128 -0.615519 -0.594832 0.152525 0.262125 -0.030703 -0.110628 0.177993 0.753441 -0.550751 -0.069899 -0.459231 0.248280 0.557986 0.257071 -0.144873 0.882847 -0.408089 -0.418434 11.000000
-10.627621 6.271189 -0.364916 -5.317519 0.838774 -5.391914 0.729199 1.633217 -2.143241 -0.252713 -0.669984 -0.515909 0.396076 0.153732 -0.179965 0.842025 -0.042151 0.129790 1.248848 0.397519 0.954409 -0.134530 0.053995 0.196093 -0.160541 0.141299 0.977448 -0.848019 -0.187718 0.070368 0.005267 0.319070 0.785897 0.245368 -0.040603 -0.624014 0.367769 -0.630613 0.556075 1.240426 0.244738 0.472757 0.108739 0.567736 0.413403 0.888179 -0.217075 -0.374622 0.461429 0.654631 -0.141820 -0.541051 -0.375453 0.464735 11.000000
-3.202894 1.453765 1.037705 -2.943104 3.444264 -3.513398 1.869349 -1.719390 -2.800257 -0.687040 -1.353942 0.731803 1.185831 0.305111 -0.417341 0.166099 -1.261262 0.573120 0.709915 1.180165 0.669604 -0.716798 0.387273 0.621294 -0.770514 0.288482 0.235889 -0.349686 -0.522912 0.067652 -0.987073 0.365479 0.040439 0.332821 -0.509261 1.007766 0.248985 0.447503 -0.729854 -0.752541 0.004674 0.137491 -0.146701 -0.923305 0.146433 -0.096059 0.415225 -0.232007 -0.516467 0.012509 0.430424 -0.115849 -0.425504 0.465570 11.000000
-4.562077 -0.920066 0.301468 -4.642304 1.453831 -2.934124 1.785324 -2.587039 -3.433682 0.271242 -0.070161 0.490837 -0.092768 0.244020 -1.038471 0.733809 -1.160227 -0.099954 -0.646960 -0.740384 -0.727542 0.442489 -0.823006 -0.023755 0.243041 -0.458696 -0.393902 0.819319 -0.118196 0.593183 0.510319 -0.368392 -0.512310 -0.022082 1.012414 -0.361341 -0.494654 0.028968 -0.399660 -0.681556 -0.598303 -0.279852 -0.175005 0.213087 0.004113 0.226475 0.430176 0.065390 0.481072 -0.320398 0.130906 0.215821 -0.281322 -0.237342 11.000000
-5.141845 6.896962 1.076797 -6.821619 1.197365 -1.801253 0.309356 -2.774391 -3.043289 -0.246350 1.185300 0.962000 -0.916922 -0.983489 -0.139639 0.645786 -0.637172 0.518731 -0.605657 -0.650036 -0.432421 2.001402 0.066920 -1.726388 -0.150392 0.182712 -0.843359 0.214694 1.082381 -0.359730 0.558978 0.725572 -0.276170 -1.093097 -0.559868 -0.694047 0.318545 -0.026968 0.857272 0.688855 0.025595 0.783076 0.343226 -0.499468 -0.030400 -0.378749 -0.964678 0.179398 0.157365 -0.177176 0.319984 0.038777 0.403622 0.164011 11.000000
-5.547908 -0.452315 0.086043 -4.043549 1.730951 -3.090691 0.377523 -1.986049 -2.918175 0.185304 0.072473 1.009543 -0.588020 -0.492695 -0.665244 0.420942 -0.811318 0.347352 -0.794658 -0.890523 -0.233030 0.609604 -0.835141 -1.024214 0.270049 -0.375942 -0.696374 0.415027 0.547628 0.217344 0.261501 -0.070715 -0.638941 -0.595278 1.036913 -0.679359 -0.852689 -0.096153 -0.058458 -0.663327 -0.097604 -0.958267 -0.332299 0.689008 -0.274830 0.175959 0.509863 -0.008596 -0.089922 -0.383818 -0.343551 -0.513945 0.073104 -0.881892 11.000000
-3.606530 1.611632 0.939252 -3.411618 3.115399 -3.824083 1.277276 -1.416718 -2.984880 -0.811938 -1.301328 1.117006 1.092968 0.140002 -0.338748 0.451586 -1.221012 0.246729 -0.130783 1.047069 0.813332 -0.935445 -0.023571 0.018055 -0.887780 0.001330 0.331635 -0.731152 -0.417058 -0.626429 -0.737532 0.578750 -0.040497 0.670814 -0.650410 0.980970 0.330157 -0.103316 -0.320980 -0.344841 0.168995 -0.185748 0.055634 -0.098701 0.128163 -0.126790 -0.016904 0.113632 -0.265638 0.030635 0.182006 0.194123 0.074869 -0.300062 11.000000
-3.988364 -1.494816 0.739018 -3.567496 0.996104 -1.997888 1.990653 -3.134261 -2.923944 -0.441203 0.539882 -0.021243 -0.448295 -0.770134 -0.487946 1.365663 -0.945165 0.508773 0.470747 -0.749149 -0.689849 0.810523 -0.156179 2.290714 1.353554 0.723036 -1.042051 2.244792 -0.280767 2.043144 0.280099 -1.302456 1.179974 -0.902028 0.518829 0.466334 1.090032 0.056911 0.301286 -0.059362 0.187710 0.739088 -0.335623 -0.558271 -0.227285 0.150642 0.406646 0.194363 -0.260318 -0.016864 0.254275 -0.116546 0.153562 0.384230 11.000000
-3.682452 1.797725 0.808402 -3.326971 3.080036 -3.748796 0.753418 -0.760590 -2.766311 -0.874096 -1.413860 1.418620 1.066284 0.372669 -0.032761 0.536797 -0.860874 0.241493 -0.592182 1.332736 1.015040 -1.181960 0.235892 -0.260903 -1.113732 -0.038200 0.731182 -0.871575 -0.200333 -1.201685 -0.645446 0.559316 -0.089385 0.553771 -1.148196 1.207037 0.797984 -0.065493 -0.065148 0.009067 0.352316 -0.529737 -0.044469 0.056672 0.052206 -0.077209 -0.079492 0.260679 -0.396822 0.117166 0.086611 0.461475 0.491770 -0.320059 11.000000
0.081680 -8.146187 1.738357 -0.068175 0.203643 0.352534 0.999699 -0.890337 0.023538 -2.229025 1.225968 0.158184 -0.862121 -0.437192 0.966172 0.644807 0.476781 -0.642513 -0.298059 -0.605231 0.572153 0.189295 -1.486024 0.113646 0.766613 1.264979 -1.453071 -0.668092 0.384782 -0.633346 -0.102129 -0.800635 -0.353403 -0.512486 -0.603713 -0.260012 0.421984 0.326975 -0.121389 0.218636 -0.570635 -0.172447 0.236509 -0.053652 -0.077861 0.031826 0.157355 0.214046 -0.151266 0.018814 -0.190871 0.160858 -0.132072 0.284378 12.000000
-2.255353 -8.488407 -0.271513 0.722237 -0.099853 0.420699 -2.766916 0.888922 -0.910178 -1.774071 0.618784 0.648945 -1.363456 0.522877 0.964139 0.622300 0.080276 -0.638445 -1.182201 -0.681068 0.694118 -0.951916 -1.876575 -0.200168 0.184317 0.488523 -1.471866 -0.159781 0.018400 -0.663126 -0.271766 -0.711990 -0.579895 0.098982 -0.702068 -0.095161 0.613373 0.366022 -0.202918 0.143911 -0.135857 -0.268673 -0.091310 0.096055 0.346807 0.387990 0.159176 0.191684 -0.299970 0.221494 -0.012780 0.255735 -0.406394 0.259995 12.000000
-0.922163 -7.013410 -0.923255 2.057401 4.456425 -1.259301 -3.265793 -0.926745 0.378971 -0.830794 0.922544 -1.049639 0.264953 -1.235727 1.442619 0.613063 1.297579 -0.414161 0.101170 0.731648 -0.552922 0.854302 -0.011704 1.739462 -0.210519 0.521705 -0.375283 -0.866071 0.300553 1.534578 -0.381850 0.816410 -0.159840 -0.317944 -0.422806 -0.005230 -0.231668 -0.244072 -0.198323 0.365785 -0.324426 -0.052443 0.277937 -0.805620 -0.227314 -0.313401 0.205784 -0.147744 -0.036461 0.706397 0.699412 0.035080 0.422792 -0.618543 12.000000
-2.293858 -10.024379 -1.029083 0.396829 -0.004043 -1.827452 0.421309 3.131292 -1.121693 -0.838084 -1.610455 0.019476 0.838156 0.690959 1.220434 0.799687 0.843126 -2.195621 0.634340 -0.637432 0.808929 0.849844 -0.112356 0.432309 -0.862858 1.090549 -0.702569 0.068728 -0.741857 0.363628 0.224934 -1.166015 0.210082 -0.726648 -0.397827 -0.829047 -0.527696 1.501999 -0.957740 0.089200 0.349663 0.011825 -0.829274 0.215030 1.033328 -0.950050 -0.296106 -0.563961 0.427743 0.129018 0.107345 0.163734 -0.304207 -0.425614 12.000000
-0.740787 -9.919916 -1.667795 1.480851 -0.504981 -0.361445 -1.778796 3.024308 -1.442831 -0.651907 -1.476167 -0.001000 1.869080 0.125807 -0.402688 -0.652530 -0.540604 -2.205943 -1.363741 -0.706901 -0.897676 0.808863 0.142885 -0.934331 -2.346638 0.148009 0.090895 -0.043621 -0.155716 -0.356627 -1.049548 -0.353984 0.490441 -0.958522 0.293078 -0.583189 -0.401770 -1.176966 0.461949 -0.593228 0.015041 0.593412 -0.073290 -0.080660 -0.009232 -0.260782 0.340355 -0.042448 -0.384321 0.111243 0.113224 -0.145017 -0.013213 0.369916 12.000000
-0.740787 -9.919916 -1.667795 1.480851 -0.504981 -0.361445 -1.778796 3.024308 -1.442831 -0.651907 -1.476167 -0.001000 1.869080 0.125807 -0.402688 -0.652530 -0.540604 -2.205943 -1.363741 -0.706901 -0.897676 0.808863 0.142885 -0.934331 -2.346638 0.148009 0.090895 -0.043621 -0.155716 -0.356627 -1.049548 -0.353984 0.490441 -0.958522 0.293078 -0.583189 -0.401770 -1.176966 0.461949 -0.593228 0.015041 0.593412 -0.073290 -0.080660 -0.009232 -0.260782 0.340355 -0.042448 -0.384321 0.111243 0.113224 -0.145017 -0.013213 0.369916 12.000000
1.515545 -7.290666 0.987251 -0.993783 -1.501346 2.721374 -0.169330 -1.097476 -0.514695 -2.087688 0.691728 0.450457 -1.568552 0.251536 0.936410 0.473609 0.795309 -0.615131 -0.857037 -0.880833 0.441794 -0.159414 -1.289810 -0.670525 0.198961 0.845669 -1.981998 -0.200339 0.835175 -0.685349 -0.225495 -0.545347 -0.725059 -0.284060 -1.165178 0.791138 0.182790 0.073271 0.209687 0.014089 -0.616661 -0.208797 0.089204 -0.145165 -0.041242 0.061136 -0.342037 0.263573 -0.285256 0.333002 0.038138 0.223371 -0.460721 0.247836 12.000000
-1.197076 -5.236408 0.229515 3.735761 5.061911 -0.904510 -3.280848 -0.378579 0.270686 0.213102 -0.590028 -0.173288 0.833639 -1.719256 0.521337 0.746039 0.446800 -0.518562 -1.150283 -0.085298 -0.593574 -0.214731 0.738839 0.656963 0.019908 0.706480 0.507227 -0.607585 0.045230 1.580207 0.471950 0.823437 -0.809153 0.674617 0.314819 0.265210 -0.310558 0.064072 -0.030484 0.538282 -0.145402 -0.110421 -0.460864 0.127941 -0.026129 -0.056898 -0.044579 0.191108 -0.355315 0.056131 -1.186975 -0.048114 -0.158034 0.206691 12.000000
-0.883868 -4.750399 0.017101 3.914018 5.283032 -0.898811 -3.193936 -0.207904 -0.025747 0.333984 -0.754567 -0.052848 0.884872 -1.418204 0.433530 0.954343 0.156624 -0.515031 -1.067804 -0.295452 -0.538452 -0.408136 1.023454 1.060609 0.228871 0.721202 0.724993 -0.331649 0.090253 1.707371 0.599988 0.634834 -0.862249 0.611244 0.447076 0.476009 -0.406883 0.041641 -0.089986 0.355142 0.023200 0.078657 -0.342290 0.039137 -0.044482 -0.288692 -0.169447 0.357344 -0.435764 -0.221866 -1.129720 -0.222918 -0.220575 0.101016 12.000000
-2.217129 -6.509857 -0.804002 1.583732 3.107899 -0.771962 -3.933760 -0.745419 0.419812 -1.533758 1.168232 -0.175499 -0.929817 -2.416833 0.715451 0.206356 1.025311 0.108812 0.186845 0.626137 -0.102567 0.560735 -0.328601 0.873991 0.146711 1.290430 -0.465009 -0.501381 0.366356 0.247023 -0.380994 0.414995 1.244947 0.413049 -0.483949 0.245918 0.327694 -0.991727 -0.281166 -0.296990 -0.386384 -0.564175 -0.308282 0.820592 -0.789906 1.098301 -0.307641 -0.422720 0.664948 -0.242083 1.020218 0.090329 -0.421256 0.204300 12.000000
-2.491857 -6.753552 0.572078 2.173581 3.893894 -1.297874 -4.062341 -0.421703 0.694078 -1.388340 1.365732 -0.399152 -0.105919 -1.779886 0.702969 -0.353854 1.005244 -0.088838 -0.981416 0.345685 -0.694469 0.220124 -0.685318 0.448658 -0.478924 0.590629 -0.272676 -0.664379 0.331697 0.449654 0.053976 0.448046 -0.089381 -0.315202 -0.492162 -0.133072 0.373134 -0.033576 -0.386681 0.324360 0.462467 -0.692642 -0.699007 0.034930 0.150911 0.362065 -0.343802 -0.202306 0.478692 -0.217762 0.505684 -0.010126 0.264320 -0.023379 12.000000
2.097385 0.793923 -9.031543 -1.495695 0.657780 2.160047 0.053276 -1.692081 -0.680207 -0.999073 0.674848 2.427172 -0.480125 0.149626 -1.537786 0.197923 2.287572 0.046686 0.140239 -0.940443 1.561766 -0.585256 -0.218847 -0.728773 -0.403772 -0.772340 0.432921 -0.131593 0.607467 0.991688 1.076035 -0.179874 0.170735 -0.093897 0.023961 0.176345 -0.526082 -0.564339 -0.058251 -0.029108 -0.279303 -0.098135 0.292155 -0.429162 -0.015877 -0.137285 0.074196 -0.153578 -0.319420 -0.053190 0.165927 0.506173 0.226033 0.020122 13.000000
-2.374375 -2.297205 -7.396014 -0.862938 -0.095298 2.068690 1.837103 -0.303453 0.706300 3.912628 -0.385651 0.280671 0.221250 -0.945115 0.749690 0.236569 -0.391969 0.643904 0.413745 0.467320 0.271680 0.025673 -0.109077 -0.027622 0.053839 0.455573 -0.205088 0.058694 0.323159 -0.096156 -0.302100 -0.222115 -0.140244 0.012243 0.006353 -0.257780 -0.080685 -0.048339 0.025198 -0.072262 0.300739 -0.091251 -0.111023 -0.062136 0.158256 -0.109570 -0.040898 0.007589 0.061450 0.028173 0.091331 -0.001894 0.009779 -0.029870 13.000000
-2.899165 -3.012662 -7.176136 -1.205286 -0.139650 1.773765 1.797795 -0.005386 0.563572 4.143723 -0.657407 0.072338 0.366402 -1.349029 1.090195 0.061552 -0.643775 0.567679 0.471294 0.971495 -0.024549 0.185785 0.083022 0.189706 0.114361 0.521510 0.207601 0.034772 -0.094958 -0.105601 -0.119558 -0.158501 -0.134931 -0.130809 0.050360 -0.269313 0.116821 0.113046 -0.172793 -0.098913 0.509932 0.057612 -0.082200 -0.167412 -0.160010 -0.412512 -0.295687 0.037342 0.338752 -0.195067 0.384144 -0.201560 -0.038236 -0.086531 13.000000
-5.672393 1.007966 -10.364213 -1.570880 0.464310 -1.789257 -3.849746 1.779761 -0.289052 -0.947675 0.713672 1.377137 0.263232 -0.052191 -1.369226 -0.329225 1.957241 -0.229654 0.308127 -1.323068 0.830564 -1.292496 -1.346130 -0.275512 -0.091202 -0.500618 0.608533 -0.354628 -0.021323 0.794224 0.670469 -0.777713 0.473183 0.544481 0.582789 0.300207 0.058494 -0.079385 -0.220367 0.176293 -0.297265 0.406757 0.303109 -0.059107 -0.100247 -0.237688 0.322206 -0.342689 0.261194 0.015845 -0.180300 0.390853 0.558488 0.002867 13.000000
-2.138652 -3.098675 -8.023389 -1.007704 0.191519 1.492631 1.340283 0.110461 0.545733 3.986623 -0.915607 0.255132 0.219420 -1.155607 1.152997 0.570787 -0.400881 0.071848 0.057236 0.615452 0.591139 0.112366 -0.311919 -0.034715 -0.035721 -0.007683 -0.155609 -0.533602 0.571105 -0.264534 -0.500981 0.238928 0.035344 -0.318836 -0.055599 -0.256356 -0.291476 0.493176 0.393031 0.210393 -0.086893 -0.006971 0.082459 0.248045 -0.014097 -0.095508 0.330139 -0.151079 0.081232 -0.005330 -0.166812 -0.191699 -0.126546 -0.212292 13.000000
-3.562337 -3.100343 -7.031241 -1.542692 -0.018333 1.871898 1.014852 -0.251060 0.467136 4.289017 -1.051914 0.018357 0.468327 -1.663362 1.362661 -0.040381 -0.720558 0.324796 0.448490 1.170355 -0.398977 0.509437 0.026477 -0.248691 0.087937 0.267821 0.239209 -0.196918 -0.082887 -0.032745 -0.056727 0.058518 -0.039829 0.005212 -0.334454 -0.464199 -0.126935 0.568399 0.130108 0.114063 0.122172 -0.083686 -0.011991 -0.367238 -0.917371 -0.112640 -0.151063 0.224191 0.237990 0.219836 0.090281 -0.113977 -0.114406 0.146965 13.000000
1.820819 7.742376 -8.961012 -4.471887 1.343064 3.223617 -2.487056 -1.126260 -0.803049 0.493771 1.678837 4.381672 -0.112250 0.573945 -1.434009 -0.882672 2.819392 -1.676129 -0.356196 -1.334392 1.024434 -1.107789 -0.976849 0.598011 -0.776344 -0.536649 1.172245 0.144429 0.877065 0.295654 0.357921 -0.288252 0.350650 -0.256225 -0.194763 0.472468 -0.061212 0.492398 0.629777 -0.473596 0.597167 0.055237 0.177923 0.018550 -0.844736 -0.311315 -0.136093 0.193611 0.335587 -0.058300 0.187860 -0.379493 -0.079203 -0.185940 13.000000
-2.262315 -1.935077 -7.638852 -0.857551 0.116017 2.019168 1.953975 -0.371013 0.712286 3.566157 -0.163388 0.432292 0.100323 -0.873062 0.592860 0.146774 -0.315093 0.893780 0.453104 0.321720 0.388186 -0.039263 -0.101569 0.195375 0.058752 0.422133 -0.180669 0.231420 0.297408 -0.149286 -0.330831 -0.237851 -0.174242 -0.084232 0.124218 -0.036740 -0.024443 -0.295312 -0.166317 -0.075404 0.340756 -0.083172 -0.116982 -0.064627 0.481166 -0.160108 -0.064594 -0.027100 -0.133152 -0.062907 0.099020 0.099447 0.156292 -0.037561 13.000000
-2.159708 -1.712502 -7.934000 -0.873550 0.392828 1.831826 1.359864 -0.352031 0.484668 3.564648 -0.291311 0.578929 -0.018003 -0.571932 0.559026 0.511916 -0.085396 0.726476 0.229537 0.407795 0.644474 -0.184837 -0.200609 -0.004530 -0.000649 0.146043 -0.577381 -0.060384 0.788843 0.069035 -0.387440 -0.043970 0.109351 -0.118008 -0.000136 -0.000314 0.051718 -0.129074 0.070181 -0.101792 -0.148193 -0.173269 0.014971 0.101925 0.608705 0.116689 0.250790 0.033514 -0.293267 0.007276 -0.236765 0.149577 0.016515 -0.057986 13.000000
-1.526242 -1.412002 -7.615865 -0.576645 0.262965 1.903403 1.690123 -0.329640 0.662675 3.199945 0.274202 1.048267 -0.256022 -0.389299 -0.283470 0.273694 0.165400 0.816113 0.271976 -0.090655 0.501391 -0.450315 0.030185 -0.392129 0.154542 0.217837 -0.222828 0.267532 0.637297 0.004836 -0.264246 -0.169757 -0.373664 0.105428 0.223706 -0.014228 0.040394 -0.582787 -0.007353 -0.383259 0.323950 -0.505678 -0.388926 0.340535 0.699106 0.640109 -0.086697 -0.054226 -0.178651 -0.019187 0.119028 0.575741 0.024436 0.595298 13.000000
-2.507801 -3.756391 -8.173096 -1.105019 0.505013 1.301429 0.736967 -0.011456 -0.017138 4.044205 -1.634596 0.028502 0.314598 -1.721818 1.208889 0.039420 -0.657147 0.028209 0.305688 1.258489 0.121293 0.449971 0.078883 -0.320443 0.008079 0.057521 0.192915 -0.196466 -0.145495 -0.248518 -0.376241 0.432837 0.113283 -0.666269 -0.203812 -0.065122 0.094990 0.733887 0.173298 0.111677 -0.068028 0.112617 -0.034235 0.112953 -0.113745 0.272766 0.108564 0.438925 0.125890 -0.237127 -0.085834 -0.179943 -0.489503 0.064966 13.000000
11.677257 -0.332451 1.087158 -4.155539 -0.308451 -1.156045 1.173965 1.007504 2.610325 -0.033510 -0.804931 0.043322 -0.133886 -0.869589 -0.908282 0.418580 -0.479131 -0.166179 0.538377 0.057690 -0.270221 -0.402895 0.317946 -0.264889 0.284230 -0.068082 -0.039218 -0.857960 0.519589 0.123899 -0.584064 -0.395636 0.333943 -0.424798 0.425064 -0.188505 0.564824 -0.297555 -0.573113 0.335894 -0.596196 -0.039761 -0.378413 -0.081806 -0.024397 -0.245808 0.229398 -0.050115 0.079099 0.431080 -0.249148 -0.117901 0.307209 -0.281242 14.000000
11.282386 1.884022 0.621852 -4.225704 -0.415308 -1.648563 -0.208642 0.044347 3.025527 0.055653 -0.452735 0.878380 -1.041665 -0.541207 -0.809248 0.561525 -0.565199 -0.738041 0.071015 0.350762 -0.295867 0.075438 -0.232455 -0.084837 -0.159209 0.049360 -0.302242 0.107414 0.267043 0.184255 -0.125004 0.145550 -0.058345 0.058131 -0.233550 0.190548 -0.107059 -0.357017 -0.176809 -0.215397 -0.109250 0.327790 -0.276508 -0.005463 -0.181282 0.000362 -0.283495 -0.294586 0.014793 0.418668 -0.181908 -0.408337 0.365924 0.123324 14.000000
11.651551 0.335736 1.024734 -3.901672 0.018508 -1.059327 0.421947 0.552796 2.959140 -0.193788 -0.737986 0.293219 -0.682747 -0.742774 -1.163106 0.588701 -0.623584 -0.599643 0.541124 0.192414 -0.554057 -0.229039 -0.136610 -0.309351 -0.221551 0.077410 -0.322110 -0.020034 0.062207 0.280519 -0.238378 -0.113319 0.233169 0.426437 0.289277 0.048121 -0.103126 -0.254853 -0.314041 -0.369779 0.149016 0.321659 -0.285270 -0.054182 -0.285393 0.054923 -0.142722 0.081300 0.085845 0.268332 -0.072646 -0.307213 0.163749 -0.192249 14.000000
0.727615 3.857404 -1.403861 -3.375512 -1.251208 -4.328011 -5.429726 3.964615 2.519920 -0.011835 -0.362119 0.229013 -0.838513 -1.512466 -0.497999 -0.211470 -0.420417 0.293354 0.949886 0.130789 -0.352698 -0.338405 -0.100793 -0.905279 0.295076 0.186249 0.285751 0.721698 0.263616 -0.142540 -0.269120 0.019847 -0.106418 -0.299961 -0.183727 -0.176158 0.221681 0.270147 -0.684822 -0.159753 -0.345067 -0.426325 -0.075592 0.153594 -0.029234 0.066286 0.470963 -0.055301 -0.618199 0.280961 -0.290261 -0.151600 0.718813 -0.710114 14.000000
10.207922 2.501974 0.048769 -3.032516 -1.932704 -2.493909 -0.105180 -0.860326 3.078386 0.340711 -0.566360 1.152020 -1.427913 -0.061837 -0.593705 -0.414954 -0.266157 -0.554632 -0.384423 0.536627 0.292101 0.921529 -0.313301 0.047410 -0.363526 0.581809 -0.252337 0.822982 -0.309361 0.312114 0.319385 0.318499 -0.228581 0.793050 -1.038424 -0.016194 -0.579187 0.258597 0.310296 -0.555431 0.177804 0.450752 0.031422 0.018273 -0.029600 0.292698 0.057994 -0.544346 -0.064581 0.067830 -0.091508 -0.431069 0.085734 0.256964 14.000000
10.207922 2.501974 0.048769 -3.032516 -1.932704 -2.493909 -0.105180 -0.860326 3.078386 0.340711 -0.566360 1.152020 -1.427913 -0.061837 -0.593705 -0.414954 -0.266157 -0.554632 -0.384423 0.536627 0.292101 0.921529 -0.313301 0.047410 -0.363526 0.581809 -0.252337 0.822982 -0.309361 0.312114 0.319385 0.318499 -0.228581 0.793050 -1.038424 -0.016194 -0.579187 0.258597 0.310296 -0.555431 0.177804 0.450752 0.031422 0.018273 -0.029600 0.292698 0.057994 -0.544346 -0.064581 0.067830 -0.091508 -0.431069 0.085734 0.256964 14.000000
11.923460 3.290285 1.300638 -5.926384 0.260666 -1.211825 0.268308 0.063217 2.580332 0.031053 0.069045 0.637712 0.909106 -0.993534 -0.590148 0.282792 -0.263984 -1.231680 0.525749 -0.363076 -0.416217 -1.295704 0.356679 0.405137 0.892501 -0.510750 0.387540 -2.178017 0.815491 -0.381291 -0.599842 -1.271858 0.096904 -0.814145 0.218945 -0.295189 0.950424 -0.235620 -0.698083 0.518808 -0.467659 -0.018955 -0.153850 -0.015440 0.020637 -0.091413 0.136180 -0.368296 0.122881 -0.835501 -0.378724 0.175111 0.028968 -0.202407 14.000000
11.573041 1.251154 0.209066 -4.903245 0.590195 0.069670 -0.152948 1.175776 3.337809 -1.378401 -1.037346 0.197024 -0.234133 -0.990629 -1.565170 1.302187 -0.401158 -1.317841 0.603286 0.501209 -1.089076 -0.285538 -0.893171 -0.377721 -0.018127 -0.250992 -0.002311 0.576828 0.054557 -0.141776 -0.798546 0.582845 -0.014936 -0.379984 1.333962 0.627371 0.209398 -0.233574 -0.158142 1.056382 0.166987 -0.438064 0.412444 -0.167105 0.126654 -0.268552 -0.007129 0.810677 0.508199 0.230923 0.354328 0.600684 -0.719946 0.374455 14.000000
10.019516 2.509541 -0.319180 -2.662376 -1.881942 -2.391774 -0.236726 -0.794643 2.941383 -0.154299 -0.481750 0.789081 -1.833769 -0.004897 -0.160541 -0.100100 -0.015689 -0.521409 -0.282489 0.678712 0.630105 0.706125 -0.522815 -0.214093 -0.134814 0.768101 -0.037733 0.770326 -0.709726 0.310609 0.464737 0.270479 0.059728 0.470902 -1.321580 0.040440 -0.631017 0.415233 0.290967 -0.340731 0.152791 0.098102 0.149258 0.163439 0.337917 0.221160 0.253034 -0.339991 -0.146635 -0.470393 -0.164150 -0.056063 -0.136425 0.371819 14.000000
11.736461 0.285306 0.460224 -3.963749 0.475084 -0.407696 -0.149998 0.947610 3.166235 -1.030158 -0.844788 0.206491 -0.989367 -1.157885 -1.385266 1.384309 -0.459539 -0.825026 0.623112 0.316399 -1.001646 -0.203499 -0.440773 -0.498078 0.362735 -0.170524 -0.267022 0.595175 -0.468904 0.078715 -0.701998 0.509676 -0.140597 0.170000 0.846933 0.005746 0.076654 -0.199272 -0.134159 0.548366 0.036994 0.067031 0.147191 -0.083704 0.351799 -0.226426 -0.176344 0.720804 0.021282 -0.123410 0.446077 0.330352 -0.387460 -0.065279 14.000000
11.346015 1.281057 0.096867 -3.911925 -0.366844 -1.799387 -0.387161 0.436866 3.429458 -0.492178 -0.960218 0.456585 -1.582760 -0.694866 -1.169977 0.977366 -0.291814 -0.655486 0.309328 0.409234 -0.456738 0.147090 -0.277160 -0.427461 -0.015234 0.045517 -0.323001 0.252080 -0.392538 0.254263 -0.195284 0.196965 -0.093272 0.304003 -0.290036 -0.001745 -0.621067 -0.000464 -0.403288 -0.069823 0.150725 0.051610 0.058015 0.235879 0.300874 0.168726 -0.235956 0.077708 -0.000485 -0.305852 0.045999 0.100074 0.037644 -0.249560 14.000000
-0.236328 10.045551 1.341536 2.067026 -2.284100 -0.051960 1.668546 1.028989 -1.761676 -0.524923 1.443775 -1.630959 -0.683667 -1.786446 -0.970390 0.580014 -0.020159 -0.682781 -0.907251 1.478624 1.480890 -1.734524 0.158295 -0.589974 -0.310134 -1.040222 0.931597 -0.741996 -0.232610 0.603313 1.200586 -0.631519 0.243151 -0.648645 -1.005649 -0.241079 -0.757109 0.313282 -0.372619 -0.235185 -1.476561 0.232517 -0.854910 -0.230837 -0.214877 -0.096770 -0.447713 0.846377 -0.044002 0.364374 0.383722 -0.812818 -0.691448 0.236302 15.000000
-0.190321 2.890260 6.018567 4.529824 -0.902712 0.231297 -0.050036 0.657805 -0.855134 2.186931 0.221073 0.521922 0.974886 -2.014885 -2.626854 0.299720 2.175249 0.180417 -1.383941 0.438231 0.178218 0.566857 1.201896 0.508660 -0.497923 -0.916068 -1.622858 0.652041 0.806696 -1.765384 0.365568 0.633696 -0.439425 -0.272680 -0.240541 -0.352858 -0.097750 0.044526 -0.966272 0.526522 0.059321 -0.857173 -0.287580 -0.222952 -0.089565 -0.238484 -0.173972 -0.004271 0.251546 0.371837 0.207533 -0.995825 0.190194 -0.122948 15.000000
-1.171630 5.144918 -0.708835 2.008435 -1.055663 1.398718 2.673951 0.842653 1.464140 -1.487209 1.966193 -3.497359 1.637824 -1.972417 -1.246081 0.442909 -1.142537 -0.880017 -1.840877 -0.920092 2.261832 -0.300843 0.172868 -0.014485 0.688010 0.353594 0.001264 -0.051529 0.394051 0.326478 0.214368 0.914330 0.781713 0.272844 0.018023 0.204246 -0.014353 -0.273124 0.172877 -0.129021 0.597846 0.142971 -0.100835 0.576653 0.090383 -0.291614 0.027631 -0.029032 0.135568 -0.211797 0.197259 0.081661 -0.399685 -0.194577 15.000000
-9.125278 11.809520 -0.744416 -0.551844 -4.491654 -4.722632 -2.859999 3.947768 -0.328911 -0.692742 0.868636 -2.544579 0.850599 0.557591 1.832847 -1.120729 -1.773149 0.737786 -0.055555 2.601340 -1.619518 -1.385674 0.558089 -0.402630 -0.370574 1.027348 -0.362784 1.040373 2.445578 0.466293 0.398586 -1.418873 -0.698856 0.294831 -0.480721 -0.294385 0.222290 -0.664886 0.084608 -0.193687 -0.261654 -0.263991 0.070886 -0.203391 -0.255899 -0.200350 0.406854 -0.355033 0.227113 -0.580649 0.021099 0.077390 0.071542 0.131070 15.000000
1.613799 4.214100 5.007639 4.270304 -3.128989 0.138792 0.791042 0.693879 -1.933172 1.620851 -0.640650 0.699779 1.475182 -1.561303 -1.664546 1.023508 2.333041 0.641380 -1.209149 1.431227 -0.790065 -0.144210 -1.306650 0.625678 -0.140420 0.569306 0.252670 0.388324 -0.176481 -0.447927 -0.221194 -0.364634 -0.472140 -0.131943 0.317999 -0.078810 0.196894 0.566455 -0.116909 -0.280258 0.043424 0.360197 0.385994 -0.036110 0.220542 0.137305 0.190081 -0.511972 -0.044219 0.169488 -0.098023 0.454843 0.209214 -0.365305 15.000000
3.658745 5.640190 -0.134078 2.109414 -3.746776 0.266850 2.235150 0.128790 0.210354 -2.212093 -0.509857 -1.992499 0.851298 -1.196715 0.550960 0.047875 -1.402011 -0.571293 -0.720509 1.361393 -0.143972 0.158282 -1.359558 0.241537 0.258736 0.773300 2.098793 -0.698343 0.036992 0.553247 1.020314 -1.211026 -0.556077 -0.984435 -0.871243 0.404537 -0.346833 -0.186004 1.278027 0.021967 -0.409099 -0.182493 0.107703 0.815975 -0.196274 0.042109 0.114316 0.262012 0.256998 -0.468120 0.113340 0.314849 0.040947 -0.196677 15.000000
1.720588 12.123018 0.830885 -2.184028 -1.077679 2.871795 1.998333 1.406897 -1.085593 -1.123375 4.085433 0.120503 -0.167540 0.686258 1.503464 -0.155422 -0.469522 -2.160394 -0.453352 2.326860 0.251887 -1.143433 1.270432 0.728708 -0.819935 0.313597 -1.021957 0.992424 -0.126280 0.303311 -0.386728 -0.569928 0.260254 0.640124 0.644386 -0.429695 -0.457754 0.283908 -0.134113 0.408507 0.645392 -0.649858 -0.270646 -1.268358 -0.282354 0.009316 0.109807 1.056708 0.438020 -0.055167 -0.375098 0.446490 0.342829 0.103223 15.000000
-1.363570 4.878089 -0.584969 1.987631 -0.909584 1.348233 2.790854 0.635837 1.792762 -1.421917 2.152249 -3.507941 1.799991 -1.482785 -1.530912 0.223996 -1.116590 -1.058834 -1.750023 -0.855546 2.064734 0.046841 0.172839 -0.446450 0.470696 0.298771 -0.194485 -0.166509 0.254192 0.241626 -0.064282 0.825061 0.310161 -0.216917 -0.101734 -0.107895 -0.257124 0.413397 0.260035 -0.061988 0.299720 -0.252164 0.102169 0.218809 0.103076 -0.337042 0.233157 -0.438881 -0.090049 0.148292 -0.141521 -0.000325 -0.294572 -0.267820 15.000000
1.954011 3.900761 5.028274 4.127690 -3.472503 0.023742 0.951551 0.554158 -2.065353 1.610879 -0.750135 0.670697 1.184502 -1.466568 -1.354824 0.924213 2.279836 0.713653 -1.272435 1.424141 -0.924447 0.243860 -1.314506 0.708544 -0.060798 0.568313 0.458087 0.356857 -0.100079 -0.263052 -0.242691 -0.344657 -0.317435 0.027102 0.042766 -0.071754 0.334751 0.426279 0.213928 -0.279562 0.066224 0.294583 0.434851 -0.016933 0.376346 0.124054 0.308637 -0.582364 -0.118755 0.197282 -0.212445 0.638210 0.399131 -0.507562 15.000000
0.949053 4.609406 4.945378 4.316579 -2.740472 0.106937 0.012395 0.672793 -2.115353 2.104254 -0.964866 0.803356 1.662369 -1.566897 -1.973150 1.085905 2.079029 0.468486 -1.541934 1.756918 -0.863472 -0.805709 -0.879210 0.944137 -0.077240 0.175097 -0.587079 0.275336 0.638298 -0.244524 -0.126758 0.288974 0.364424 0.625849 0.522328 -0.271049 0.145171 0.123734 -0.081374 -0.548846 0.094466 0.979438 0.285597 0.553149 0.268726 0.061063 -0.237154 0.465856 0.231624 -0.257284 -0.169180 0.209099 -0.433799 0.300014 15.000000
-2.450252 3.817317 -1.677824 0.552580 -0.216626 1.661698 2.839201 0.901167 1.501890 -0.558652 2.509735 -3.890211 0.833183 -0.493430 -0.932226 0.538088 -0.880542 -0.454844 -1.537335 -1.190453 1.940899 -0.124590 1.089189 -0.604812 -0.189708 0.878118 -1.005704 0.658499 0.278463 0.179666 -0.576025 0.612909 0.583659 0.624280 0.468083 0.191525 0.322871 -0.138795 0.087671 -0.255327 0.650527 -0.258785 0.104210 -0.475512 -0.190019 0.005119 -0.062278 -0.825422 -0.195377 -0.136142 0.123095 0.770119 0.261907 -0.106197 15.000000
