-3.216313 -0.079177 -0.870248 -0.868317 1.947601 -0.909366 0.919043 -1.166675 0.054169 -1.260031 0.708657 -0.099973 0.398366 -0.021338 0.782177 -0.719976 0.459843 -0.706413 1.000051 -0.125012 0.098560 -0.368601 0.048268 -1.011939 0.970480 -0.200666 0.442691 -0.472100 -0.838781 0.045794 0.023452 0.374602 -0.657072 -0.456313 -0.510206 -0.497499 0.104139 -0.264987 0.338218 -0.070934 0.010442 -0.424304 0.177780 -0.531038 0.330574 -0.362963 0.181550 -0.382908 0.139909 -0.051638 -0.490330 0.152465 1.000000
-1.376232 1.929078 -1.731613 -0.737513 1.558903 0.243531 -0.281082 -1.127109 1.237565 -1.950790 0.649844 -0.740733 -0.245279 0.332578 0.198161 -0.761428 0.046922 -0.651062 0.383648 0.486995 0.455061 0.220930 0.059271 0.127851 -0.620384 -0.034705 0.139020 0.604971 0.271158 0.043877 0.072797 0.226538 0.115686 0.008780 0.023006 0.292534 -0.038905 0.022432 -0.104136 0.008932 0.047719 -0.173951 -0.050747 0.159769 -0.000801 -0.159891 -0.189879 0.238104 -0.052635 -0.148103 -0.109561 0.112080 1.000000
-1.272375 1.900603 -1.437169 -0.721802 1.718158 0.159009 -0.127978 -0.970882 1.208770 -1.852788 0.547177 -0.870173 -0.030683 0.381576 0.322893 -0.941222 0.164997 -0.573702 0.406890 0.839668 0.322665 0.206460 0.134451 0.384006 -0.805964 -0.018361 0.339511 0.381878 0.022059 0.540861 0.134810 0.388917 0.076573 0.402301 -0.057038 0.230596 -0.039035 0.021412 0.072490 0.284959 -0.225347 -0.227713 0.132727 0.148503 -0.131934 0.147181 0.058052 0.280542 -0.080942 -0.344865 0.001731 0.061045 1.000000
-6.907576 -5.387897 1.930787 4.031043 0.520489 1.208462 0.528821 -1.586984 0.547167 -1.044138 1.180190 -1.109621 0.700442 0.749030 0.052286 -0.692610 -0.437189 -0.330301 0.189883 0.177390 -0.228371 0.027561 -0.447866 -0.149324 0.945495 -0.016441 0.147368 -0.002441 -1.092623 0.149260 -0.421834 -0.125289 -0.576360 0.486569 -0.011080 0.459527 -0.586167 0.470828 -0.597893 0.721000 0.266100 0.028836 0.346495 0.505113 0.000666 0.259008 -0.364315 -0.543613 -0.268566 0.437988 -0.138603 -0.162731 1.000000
-3.107641 0.335176 -4.150771 -0.269316 0.625021 -0.475909 0.734454 -1.347318 -1.613042 -1.502357 -0.737623 0.407590 -1.035044 -0.254295 0.797141 0.454690 0.521598 0.334451 -0.195166 -0.095467 0.097452 -0.347320 -0.004634 -0.386070 0.303087 -0.853316 0.527458 -0.292825 -0.702060 0.557096 0.500170 0.543020 -0.497219 -0.466313 -0.018599 0.219522 0.477040 -0.039277 -0.156861 0.172693 0.464341 -0.174130 0.596412 -0.181508 0.413881 -0.396867 0.198521 0.002297 0.125380 0.169709 0.946827 -0.192225 1.000000
-1.589485 1.784377 -2.061238 -0.837357 2.050430 0.350120 -0.352609 -1.101927 1.297807 -2.007119 0.951085 -0.980307 -0.392685 0.392891 0.043445 -1.125368 0.132472 -0.351660 0.371359 0.821126 0.713023 0.035181 -0.066179 0.196418 0.055214 -0.132775 -0.256704 -0.072490 0.581624 -0.371280 -0.032115 0.169772 0.236128 0.069210 0.247263 -0.160373 -0.055669 0.079006 -0.079524 -0.370963 0.206855 0.154473 -0.292217 0.214299 0.029721 -0.197594 -0.095928 -0.002195 0.270928 0.181623 0.044650 -0.302180 1.000000
5.654312 -7.513002 3.509796 -4.971599 0.112124 1.107494 1.570480 0.676821 -0.262112 -1.937082 0.016831 -0.674811 -0.007898 0.205698 0.059845 -1.071528 -0.417698 -0.758788 0.143409 0.126299 0.458100 0.009249 0.453554 0.836243 -0.261434 0.142337 -0.533150 0.077884 -0.548396 -0.146939 0.139936 0.156285 -0.107095 -0.524464 -0.132322 0.675680 -0.394356 -0.548156 0.447582 -0.273662 0.017499 0.322416 -0.229508 0.210580 0.056731 0.337704 0.270176 -0.093799 0.138590 -0.039170 0.057482 -0.334546 1.000000
-1.530860 1.878085 -1.841479 -0.847040 1.745067 0.163568 -0.185065 -1.065192 1.092148 -1.976772 0.891698 -1.016894 -0.081052 0.326311 0.179818 -0.685998 0.190140 -0.348485 0.374004 0.678297 0.624307 0.050527 0.042450 0.167574 -0.494031 -0.137063 -0.073135 0.268103 0.382265 0.174624 0.027345 -0.045219 -0.085426 -0.360405 -0.039393 0.043653 0.050920 0.050459 -0.246362 -0.199296 -0.018666 0.014688 0.002450 0.343743 0.062063 -0.110976 -0.410665 -0.059048 0.132197 0.153046 -0.098733 0.109770 1.000000
-1.854093 1.590205 -2.131980 -0.876370 1.905024 0.006627 0.048132 -1.225173 1.011017 -2.078784 0.840859 -0.997362 -0.125475 0.199775 0.210488 -0.931916 0.165681 -0.394543 0.559866 0.636265 0.478442 0.047953 0.117853 0.233371 -0.598501 -0.213856 0.165396 0.332761 0.131149 0.124031 -0.061803 0.200327 -0.222979 0.052949 0.040660 0.008618 0.190745 -0.022237 -0.079516 -0.062854 -0.024134 -0.141340 0.018506 0.001802 -0.017164 -0.072946 -0.223840 0.125846 0.027675 -0.012708 0.077676 0.201032 1.000000
-2.308077 1.247207 -2.766234 -1.042332 1.759600 0.124705 0.180473 -0.734881 0.858366 -1.752704 0.889162 -0.874830 -0.228943 0.249455 -0.083186 -1.525425 -0.123547 -0.287939 0.536745 0.489647 0.597483 0.006588 -0.243600 0.252962 0.362603 -0.160968 -0.234512 -0.341732 0.208101 -0.838075 -0.097979 0.251420 0.292153 0.498312 0.554187 -0.532866 0.367633 0.291282 0.377548 -0.182892 0.209149 -0.219844 -0.056528 -0.251991 0.340810 0.340589 0.401377 -0.077036 0.013752 0.300981 0.028288 -0.398582 1.000000
-2.261398 1.249777 -2.480261 -0.877217 1.640031 -0.286252 0.372486 -1.192935 0.633766 -1.964772 0.628054 -0.871301 -0.042711 0.058808 0.219621 -0.716965 0.134359 -0.381220 0.630338 0.394292 0.220704 0.069940 0.154119 0.126389 -0.834402 -0.240366 0.373453 0.335951 -0.459241 0.172227 -0.307230 0.288995 -0.374783 0.258511 -0.003743 -0.029932 0.383779 -0.168252 0.016011 0.059527 -0.026814 -0.257063 0.159237 -0.323013 0.011581 0.159036 0.157939 0.090027 -0.157628 -0.223649 0.074457 0.455206 1.000000
-3.973525 -0.113693 -3.808486 -1.562178 1.681589 0.084202 2.389381 -1.691531 -2.078497 -0.349369 -0.448400 0.727245 0.278638 -0.167193 0.954751 0.237890 -0.406412 0.076505 -0.404247 0.381624 0.226237 0.020063 -0.287502 -0.574517 1.037137 0.054888 0.133000 -0.498819 0.019896 0.158481 0.168964 -0.011004 0.134899 -0.116358 -0.074550 0.009408 -0.454865 0.114235 0.286635 0.018172 0.649726 0.114722 -0.174285 -0.200362 0.071454 -0.207277 0.100447 0.300960 0.001608 -0.032364 -0.184677 -0.172296 2.000000
-4.187529 0.002969 -1.069672 -1.694279 0.903260 0.818970 0.832482 0.318807 0.312324 -0.468518 0.061076 0.062885 1.676941 0.049581 -0.472468 -0.095210 -0.358552 0.333742 0.439361 -0.205383 -0.308553 0.409066 0.428634 0.654483 -0.770786 0.486720 -0.484971 0.496313 -0.184482 -0.004803 -0.084751 -0.151770 0.512798 -0.113581 0.315833 -0.055697 0.409513 -0.222010 -0.121085 0.400041 -0.513718 0.099870 0.021661 -0.103466 -0.148960 -0.052255 -0.030336 -0.039703 -0.323132 0.097604 -0.077207 0.139619 2.000000
-5.437167 -1.496525 -2.629433 -1.033893 0.964868 0.919987 1.935960 0.057771 -1.764243 0.234052 -0.818345 0.830313 0.750979 -0.362053 0.542293 -0.313070 -0.397953 0.196038 -0.065427 0.659580 -0.094795 0.391787 0.178830 -0.013695 0.024459 0.564162 0.342208 -0.218905 0.216993 0.126130 0.292821 -0.084521 0.072810 0.476538 0.099138 0.023204 -0.115945 0.337767 0.172013 0.032227 -0.120254 -0.053594 -0.076856 0.239172 0.149998 0.017887 -0.198569 0.113367 0.118171 -0.323004 0.265503 0.032639 2.000000
-7.668490 -4.885898 -1.244185 2.796749 -0.538695 1.357066 1.159979 -1.885593 -1.291438 -0.801582 -0.748613 -0.120947 -0.153171 0.224989 0.529009 1.023636 -0.800556 0.312148 -1.046521 -0.050718 0.327725 0.149177 -0.050717 0.452582 0.395808 -0.470080 -0.271041 0.042530 0.370592 0.463238 0.510924 0.417567 0.382905 -0.325417 -0.560864 -0.103898 -0.271206 -0.110309 -0.367584 -0.019542 -0.077537 -0.003990 -0.256922 -0.364485 -0.216493 -0.127018 -0.196709 0.156441 -0.104519 0.413344 0.131313 -0.232147 2.000000
-5.185813 -1.114978 -2.335176 -1.460014 0.826337 0.793887 2.063724 -0.109513 -1.670294 0.226251 -0.540457 0.797462 1.379134 -0.386561 0.598598 -0.045243 -0.547318 0.390865 -0.031165 -0.180087 -0.102508 0.179355 0.345241 0.211750 0.096100 0.309057 0.122482 -0.044428 0.159819 0.215547 0.148986 -0.029580 0.042089 -0.031182 -0.127039 -0.092517 0.114005 0.121090 -0.056852 -0.054040 0.274925 0.005933 0.045903 -0.003985 0.134636 0.034177 -0.108415 0.005840 -0.137592 -0.215897 -0.223615 0.026737 2.000000
-5.185813 -1.114978 -2.335176 -1.460014 0.826337 0.793887 2.063724 -0.109513 -1.670294 0.226251 -0.540457 0.797462 1.379134 -0.386561 0.598598 -0.045243 -0.547318 0.390865 -0.031165 -0.180087 -0.102508 0.179355 0.345241 0.211750 0.096100 0.309057 0.122482 -0.044428 0.159819 0.215547 0.148986 -0.029580 0.042089 -0.031182 -0.127039 -0.092517 0.114005 0.121090 -0.056852 -0.054040 0.274925 0.005933 0.045903 -0.003985 0.134636 0.034177 -0.108415 0.005840 -0.137592 -0.215897 -0.223615 0.026737 2.000000
0.173260 -3.559908 -0.653856 -3.788690 -0.570386 0.307872 2.390319 0.487874 -1.725701 -0.705718 -0.589503 0.677726 0.210415 -0.290420 1.101148 -0.388813 0.142469 -0.263117 0.046129 0.206617 0.201349 0.144764 0.131212 -0.320855 -0.079248 -0.893293 -0.053993 -0.178145 0.167404 -0.248055 0.852140 0.347761 0.451797 -0.435581 0.336744 0.279020 -1.063828 0.281117 0.090233 -0.443163 0.059074 -0.109347 0.195797 -0.455071 -0.372121 0.497537 0.266763 0.179068 0.035817 0.321854 -0.077010 0.588570 2.000000
-5.196687 -1.082093 -2.422128 -1.369537 1.068343 0.857727 1.728997 0.256578 -1.336845 0.007355 -0.527013 0.643744 1.087303 -0.416880 0.227788 -0.116234 -0.452675 0.434467 -0.009143 0.038011 -0.214325 0.269391 0.414968 0.299533 -0.219213 0.268645 0.055942 0.061660 0.191060 0.262574 0.202720 -0.013259 0.027337 0.209584 0.090160 -0.037082 0.181663 0.181175 -0.077323 0.181482 -0.181655 -0.021861 0.034044 0.316289 -0.009586 0.077092 -0.290981 -0.054108 -0.047258 -0.051425 0.062980 0.174880 2.000000
-5.155334 -1.052252 -2.272312 -1.489204 0.765926 0.799623 2.077321 -0.144258 -1.635812 0.233732 -0.501523 0.759096 1.392900 -0.394016 0.598909 -0.011207 -0.559801 0.376132 -0.069749 -0.296791 -0.089728 0.149438 0.347052 0.207555 0.155102 0.291017 0.030157 -0.047310 0.188000 0.149847 0.131195 -0.033042 0.107226 -0.077213 -0.128898 -0.119863 0.079597 0.039332 -0.049756 -0.076738 0.288521 0.008321 0.025768 -0.002441 0.138423 0.009151 -0.075935 -0.018751 -0.190601 -0.191688 -0.284881 0.060650 2.000000
-4.931401 -0.963211 -1.956058 -1.430253 1.226566 0.776688 1.653164 0.513909 -0.748287 0.477240 -0.365148 0.118351 0.940808 -0.227702 -0.238959 -1.450937 -0.891001 0.511365 0.082620 0.832189 -0.509959 0.231472 -0.076749 0.228062 0.340023 1.154828 0.485896 -0.235874 0.275780 -0.884226 -0.119428 -0.573132 0.008967 0.314029 0.429225 0.028047 0.777386 0.478139 0.232488 0.052254 -0.477723 0.147934 -0.160228 0.225618 -0.154816 0.035748 0.024786 -0.111791 0.180470 0.031119 0.497874 -0.323695 2.000000
-4.885910 -0.550963 -1.598837 -1.667346 0.822549 0.634342 1.689416 0.007793 -0.586209 -0.220418 -0.242110 0.487267 1.586688 -0.423230 -0.002283 -0.008492 -0.442477 0.259773 0.174349 -0.605017 -0.244449 0.331402 0.414653 0.557805 -0.357658 0.254317 -0.320636 0.258316 -0.193375 0.087425 -0.188634 -0.231798 0.263610 -0.042035 0.131332 -0.226802 0.448286 -0.426011 -0.104243 0.299957 -0.087814 -0.151910 0.202464 0.078859 -0.029337 0.187805 0.139947 -0.000281 -0.354481 0.116632 -0.229885 0.198326 2.000000
-1.903196 1.723941 1.253667 -1.419296 -1.239028 -1.045424 -0.014582 -0.410740 1.900723 -0.174624 0.542165 -0.045575 0.306786 -0.908345 0.364620 0.521375 0.251271 -0.659973 -0.103168 -0.612929 -0.752336 -0.299590 -0.115055 -0.700530 -0.103127 -0.200490 0.176700 -0.687770 0.667609 -0.182016 0.477063 0.064346 -0.384208 0.313575 0.283561 0.227448 -0.057225 -0.183632 0.253604 0.303334 -0.293833 -0.275028 -0.002095 -0.259141 -0.076760 0.104717 -0.556281 0.314006 0.013424 -0.145732 0.024142 -0.117384 3.000000
-0.433173 2.865857 1.552731 -0.422174 -2.307521 -0.461845 0.225037 -0.956795 1.163831 -0.420885 0.320848 0.292039 0.537604 -0.500456 0.280326 0.328893 0.654600 -0.521642 -0.170868 -0.905475 -1.087440 0.005569 0.341159 -0.217675 0.489171 0.385626 -0.069685 -0.491520 0.568976 -0.209466 0.203798 0.986304 -0.792868 0.932145 -0.129333 0.206586 -0.075514 0.191898 0.638504 0.804122 -0.306495 -0.382749 -0.049090 0.492758 0.214111 -0.151889 0.275132 0.506948 -0.355758 -0.042121 0.187104 0.029527 3.000000
1.546211 3.386283 1.959554 1.166107 -1.333448 -0.887566 0.169773 -1.654023 -0.497776 -0.458550 0.371134 0.822720 -0.894625 -0.911821 0.233483 -1.033470 -0.096386 -0.274640 -0.157990 -0.178011 -1.201258 0.045084 -0.066124 0.432877 0.058846 0.142747 -0.090813 0.059151 0.029790 -0.064022 0.211210 -0.116872 0.241580 -0.185084 0.156583 -0.181712 -0.073912 0.056514 -0.236070 -0.099815 0.037759 0.185572 0.002775 -0.038602 0.021676 0.119509 0.181208 0.065170 0.044125 0.316887 -0.191729 0.142559 3.000000
-6.913636 -5.518685 3.013430 3.796187 -2.473366 0.388078 -0.044950 -0.780990 1.075158 0.036134 1.028955 -0.403869 0.458633 0.203053 0.207027 0.379699 0.373452 0.545846 -0.119518 -0.488222 -0.507714 -0.338731 0.330188 -0.240478 -0.282073 -0.224091 0.279909 0.014635 1.054795 -0.368997 0.292770 0.248748 -0.608534 0.096705 -0.168909 -0.142332 0.578985 -0.079796 0.885262 -0.549112 -0.104629 -0.160028 0.349256 -0.712955 -0.240614 0.480067 -0.320626 -0.065604 0.035706 -0.159974 -0.006504 0.192424 3.000000
1.554668 3.552685 1.762391 1.313486 -1.028096 -0.581853 0.108237 -1.735396 -0.562945 -0.774909 0.347098 0.747317 -0.742041 -0.957518 0.221714 -0.882123 0.074330 -0.311573 -0.303362 -0.064500 -1.189446 0.115052 0.116721 0.500801 -0.222688 -0.057226 -0.063242 -0.041167 -0.239534 0.233624 0.001541 -0.185167 0.140975 0.148801 -0.122980 -0.124532 -0.040851 -0.040040 -0.178196 -0.095017 -0.080194 0.096866 -0.121705 0.016772 -0.011446 -0.070740 0.261030 -0.108136 -0.023253 -0.133073 0.021393 0.015893 3.000000
1.554668 3.552685 1.762391 1.313486 -1.028096 -0.581853 0.108237 -1.735396 -0.562945 -0.774909 0.347098 0.747317 -0.742041 -0.957518 0.221714 -0.882123 0.074330 -0.311573 -0.303362 -0.064500 -1.189446 0.115052 0.116721 0.500801 -0.222688 -0.057226 -0.063242 -0.041167 -0.239534 0.233624 0.001541 -0.185167 0.140975 0.148801 -0.122980 -0.124532 -0.040851 -0.040040 -0.178196 -0.095017 -0.080194 0.096866 -0.121705 0.016772 -0.011446 -0.070740 0.261030 -0.108136 -0.023253 -0.133073 0.021393 0.015893 3.000000
6.779355 -6.296242 4.332858 -5.007907 -2.313265 0.813692 0.431094 1.047460 0.616262 -1.467706 -0.627889 -0.381654 -0.705014 -1.057390 -0.121966 0.753156 -0.125707 -0.948267 0.209234 -0.128326 -0.334949 -0.085619 0.483431 0.455395 0.044656 0.005904 -0.218601 -0.724211 0.106133 -0.188038 0.165112 0.211472 -0.638787 0.260646 0.127338 -0.003644 0.388757 -0.150579 0.115766 0.031118 -0.066807 -0.132195 -0.101468 -0.160176 0.062195 -0.119393 -0.406969 0.109259 -0.155424 -0.134105 0.015074 -0.210763 3.000000
1.147186 3.375400 1.861700 0.988153 -1.025917 -0.506955 -0.077133 -1.625502 -0.243179 -0.620992 0.226252 0.720704 -0.612732 -1.037909 0.293849 -0.499400 0.246363 -0.345036 -0.582526 0.000791 -1.457084 0.020982 0.308993 0.541692 -0.121873 -0.033592 -0.127884 -0.210963 -0.165953 0.373805 -0.158360 -0.021796 -0.172822 0.483618 0.064910 -0.254158 -0.006538 -0.159125 -0.167699 0.107833 -0.050478 0.067374 -0.079016 0.069851 -0.137047 0.085251 0.278308 0.070314 0.010711 -0.079454 -0.102968 -0.126593 3.000000
1.256614 3.369314 1.859486 0.971619 -1.416478 -0.857784 0.129636 -1.751507 -0.148802 -0.500871 0.436682 0.858032 -0.993293 -0.909030 0.197189 -1.023795 0.013251 -0.280799 -0.161911 -0.137485 -1.168237 0.049840 -0.045042 0.470864 0.065017 0.237844 -0.116263 -0.050550 0.170015 -0.112613 0.227711 0.015838 0.108078 -0.110149 0.007595 -0.044574 -0.066733 0.095224 -0.286521 -0.150921 -0.008145 0.206326 0.026500 0.073837 0.061164 -0.063989 0.127539 0.013048 0.010871 0.180282 -0.125294 0.239180 3.000000
2.741705 3.263469 1.164864 2.136324 0.023588 -0.105165 -0.007649 -0.139425 -1.246774 -0.371432 -0.449977 -0.508173 -0.922338 -0.636359 0.510340 -1.018336 -0.112738 0.419305 -0.328263 0.281764 -1.035279 -0.243158 0.117304 0.126679 -0.527922 -0.570865 0.264893 -0.469832 -0.096105 -0.146453 0.192183 -0.315420 0.505296 -0.158863 -0.110701 -0.253278 0.054155 -0.266579 0.121701 0.923582 0.341806 0.433791 0.092044 -0.375448 -0.394863 -0.143890 -0.716629 -0.605473 0.068694 -0.540832 0.049942 -0.125641 3.000000
1.352245 3.243228 1.904468 0.995630 -1.579276 -0.948767 0.186264 -1.424208 -0.188059 -0.254771 0.323452 0.827197 -1.279525 -0.886090 0.275785 -1.257897 -0.200460 -0.155608 0.078066 -0.078449 -1.055549 0.044799 -0.130455 0.375434 0.021737 0.426555 -0.066850 0.108155 0.292730 -0.371791 0.281088 -0.051437 0.324574 -0.475899 0.172852 0.085326 -0.169669 0.137043 -0.336176 -0.221108 0.009938 0.088308 0.071522 -0.134759 0.153461 -0.098463 -0.166866 0.021309 0.162409 0.246506 -0.151522 0.212645 3.000000
-2.946273 0.751268 -0.449817 -2.481660 1.184543 -0.201300 1.504339 -0.537727 0.856339 0.975128 1.400747 -0.722714 -0.746718 -0.147452 -0.644380 0.602649 -0.061500 0.123049 0.210482 0.109340 -0.229811 0.004258 0.057008 -0.540024 0.336696 0.322925 -0.404337 -0.031853 -0.255698 -0.010557 0.282135 -0.301307 0.297065 -0.455266 -0.062916 -0.232488 0.187412 -0.013227 0.270249 0.614821 -0.409706 0.111762 -0.053476 -0.428723 -0.039091 -0.348941 0.437198 0.219493 0.037497 -0.074022 -0.293081 -0.142884 4.000000
-3.893364 -0.304045 -1.091709 -2.232980 1.119768 0.091451 1.764454 0.508298 -0.341960 2.245875 1.034823 -0.524469 -1.160906 -0.379276 -0.742512 0.010802 -0.136226 -0.047508 -0.084500 0.220841 -0.414376 0.252990 -0.092074 -0.134379 0.152490 0.522116 -0.045745 0.086749 0.366320 -0.040157 -0.451839 -0.102946 -0.058063 0.374280 -0.060907 0.071253 -0.297747 -0.256440 0.238589 -0.384151 0.181397 -0.281297 -0.397510 0.130733 0.117767 -0.023072 -0.000234 0.241322 0.182705 0.218094 -0.221287 -0.269464 4.000000
-3.707099 -0.023220 -0.819360 -2.526672 0.902727 -0.338441 1.581175 0.305740 0.126379 2.068426 1.023442 -0.989316 -1.097575 -0.341620 -0.610874 0.273077 0.094194 0.037694 -0.075845 0.127598 -0.210810 0.013839 -0.045805 0.097281 -0.221924 -0.035389 0.251381 0.160009 0.150041 0.307483 -0.153676 0.051294 -0.078986 0.135179 -0.199366 -0.206161 -0.110475 -0.091680 0.118108 0.141333 -0.017849 0.048601 0.089656 0.175622 -0.052688 0.038611 0.054617 -0.262850 0.017099 0.100705 0.112784 -0.006347 4.000000
-6.522497 -4.356886 1.530141 2.359148 0.603286 0.605922 0.531461 -1.211418 0.307046 0.254266 1.462846 -0.567503 -0.873314 0.334640 -1.111392 0.773854 0.008756 0.134191 0.718863 0.720753 -0.426459 -0.190389 -0.290257 -0.909822 1.314376 0.113821 -1.027743 -0.311524 -1.199946 0.171624 -0.398126 -0.296787 0.907094 0.573784 0.284417 0.580787 0.135361 0.507335 -0.154246 0.217519 0.291611 0.231487 -0.340107 -0.462432 -0.226504 0.325632 -0.009571 0.780857 0.191749 -0.553604 0.266077 0.652798 4.000000
-3.231108 0.444354 -0.327804 -2.482818 0.687242 -0.306005 1.110616 0.231556 0.703294 1.711723 1.252814 -0.978465 -0.850889 -0.151002 -0.786334 0.786592 0.220176 -0.020483 -0.017430 -0.017800 -0.124441 0.078372 0.001368 0.180712 -0.309749 0.070456 -0.106802 0.273513 -0.210990 0.135551 0.255944 -0.282899 0.148988 -0.312721 -0.016825 0.005530 0.066121 0.061269 -0.061707 0.355880 -0.058727 0.186263 0.189706 -0.213090 -0.108178 -0.339120 -0.125050 -0.054595 -0.230822 0.040284 0.106545 0.010777 4.000000
-4.039803 -0.419233 -1.165291 -2.372234 0.842254 -0.455880 1.856282 0.341002 -0.432539 2.254196 0.646475 -0.842924 -1.432528 -0.472828 -0.354220 0.161069 0.077296 -0.002549 -0.094364 0.097940 -0.077799 0.015543 -0.157024 -0.103939 -0.124169 -0.204209 0.533572 0.050047 0.321938 0.289291 -0.211034 0.184779 -0.334781 0.076097 -0.312212 -0.160971 -0.174968 -0.214274 -0.023248 -0.261469 0.144809 0.013373 0.086182 0.366353 0.018503 0.245751 0.116538 -0.294113 0.124031 0.006214 0.102454 0.136286 4.000000
5.160119 -6.624997 4.065222 -5.463266 -0.184248 1.173543 1.131798 1.069493 0.263777 -0.774261 -0.039509 -0.414710 -0.504161 -0.167370 -0.387466 0.311763 -0.134940 -0.658206 -0.039541 0.017218 -0.007877 0.058904 0.397686 0.975213 0.087156 0.328280 -0.474820 -0.167294 -0.660316 -0.265314 0.455128 0.172756 0.189258 -0.618349 0.083882 0.502218 0.004906 -0.454075 0.262016 0.284536 -0.010392 0.474499 -0.048328 -0.037346 0.154849 -0.040804 0.149817 0.001598 -0.052108 -0.199646 0.128616 -0.402539 4.000000
-4.039803 -0.419233 -1.165291 -2.372234 0.842254 -0.455880 1.856282 0.341002 -0.432539 2.254196 0.646475 -0.842924 -1.432528 -0.472828 -0.354220 0.161069 0.077296 -0.002549 -0.094364 0.097940 -0.077799 0.015543 -0.157024 -0.103939 -0.124169 -0.204209 0.533572 0.050047 0.321938 0.289291 -0.211034 0.184779 -0.334781 0.076097 -0.312212 -0.160971 -0.174968 -0.214274 -0.023248 -0.261469 0.144809 0.013373 0.086182 0.366353 0.018503 0.245751 0.116538 -0.294113 0.124031 0.006214 0.102454 0.136286 4.000000
-3.869508 -0.181780 -1.360829 -2.256401 0.950271 -0.086286 1.862365 0.238280 -0.338182 2.070407 1.149152 -0.893890 -1.326879 -0.477638 -0.601058 0.260837 -0.057448 -0.093779 -0.061351 0.285425 -0.057441 0.094383 -0.211887 0.141733 0.230902 0.005378 -0.100797 -0.013558 0.437907 0.061083 -0.154035 -0.077171 0.011541 0.269852 -0.210924 -0.122105 -0.177818 -0.059796 0.168906 -0.228780 0.120094 -0.202036 -0.118813 0.151687 0.069705 -0.131075 -0.028442 0.081750 0.054106 0.164223 -0.019701 -0.189608 4.000000
-3.584735 -0.007502 -0.470780 -2.393766 0.621602 -0.521924 1.331905 0.409757 0.345231 2.039925 1.090913 -1.097119 -1.249675 -0.198468 -0.884122 0.432517 0.128148 -0.116342 -0.020825 -0.116354 -0.136390 0.104391 0.080551 0.315292 -0.203478 -0.132232 -0.014100 0.129167 0.141002 0.138384 0.042058 -0.065114 0.079716 0.039468 -0.081399 -0.112838 -0.050982 -0.046459 0.039791 0.116652 0.033444 -0.044686 0.132838 -0.052826 -0.004147 -0.047542 -0.248446 0.049279 -0.092417 0.094725 -0.011665 0.154341 4.000000
-3.534351 0.180958 -0.329486 -2.569252 0.444366 -0.550028 1.443111 0.338243 0.530240 1.952835 0.921634 -1.020910 -0.925038 -0.212241 -0.673036 0.570814 0.095445 -0.128879 0.049957 -0.049300 -0.199910 0.214731 0.003171 0.155794 -0.466638 0.010417 0.107391 0.231632 -0.264308 0.210053 0.155866 -0.130010 0.141645 -0.259116 -0.062245 0.076127 0.013613 -0.079320 -0.192428 0.244959 -0.145523 0.044271 0.125730 -0.244640 -0.072895 -0.077703 -0.014196 -0.061452 -0.281944 0.012634 0.068090 0.010687 4.000000
-2.836990 0.509554 -2.998590 -0.604593 -0.746327 -0.319168 -0.855245 0.612134 -0.090437 -0.523144 -0.307338 0.758077 -0.453075 -0.419970 -0.556861 0.305940 -0.242932 0.314134 0.342893 -0.380043 -0.287232 -0.188531 -0.605507 -0.295034 0.224210 -0.492517 0.011448 -0.257522 -0.247328 -0.011477 -0.019482 0.203118 0.166486 -0.087020 0.052126 0.259090 -0.230654 -0.347286 -0.009348 -0.339771 -0.205671 -0.379951 -0.312448 -0.043322 -0.226876 0.024998 -0.286238 -0.065151 0.003520 -0.043011 -0.268240 0.082709 5.000000
-2.235713 1.164294 -3.257619 -0.460905 -1.506653 0.809974 -1.548571 1.510520 0.287758 -0.406247 -0.083078 0.799716 -0.007376 -0.472942 -0.741591 -0.167916 -0.640414 0.126490 0.198515 0.076964 -0.192581 -0.204154 -0.727393 -0.089712 0.221059 0.024766 -0.133554 -0.011523 -0.013096 -0.106739 0.077921 0.008382 -0.014916 -0.042668 -0.077409 -0.040125 -0.136072 -0.036159 0.092870 0.046625 -0.067729 -0.063933 -0.004853 0.068595 0.103421 0.038292 0.033105 0.045156 0.099007 0.048070 0.025720 0.057547 5.000000
-2.280300 1.166360 -3.273732 -0.541133 -1.226884 0.971404 -1.619301 1.776021 0.356489 -0.563280 -0.040456 0.802824 0.113825 -0.492942 -0.856900 -0.138761 -0.448826 0.178003 0.288858 0.290120 -0.124379 -0.212253 -0.669367 -0.017420 -0.137141 -0.167943 -0.070913 0.155100 -0.134817 0.062871 0.089667 0.080876 -0.168821 0.244930 -0.080361 -0.002585 -0.081878 -0.050767 0.061420 0.357411 -0.016892 -0.021817 0.002810 -0.100273 0.065621 0.014666 0.093050 0.015183 -0.035503 0.023144 0.118046 -0.043800 5.000000
-6.594177 -4.578993 -1.188171 4.251295 -1.616808 1.683765 -0.640710 -0.571465 0.095669 -1.419470 0.189127 0.010606 -0.586513 0.167595 -0.788599 0.088398 -0.645922 0.617821 0.209821 0.588745 -0.035514 0.140721 -0.748734 0.420030 0.105100 0.110897 -0.016269 0.356946 0.211589 -0.004337 0.236840 0.174518 0.146694 -0.160396 -0.511009 0.105252 0.685976 -0.717793 0.131642 -0.674940 -0.178651 -0.381563 -0.178128 -0.612274 -0.680874 0.147074 0.266440 0.005773 -0.509337 -0.151876 -0.213435 -0.566404 5.000000
-2.412825 1.004959 -3.537484 -0.414459 -1.403888 0.713412 -1.553018 1.547857 0.131732 -0.413033 -0.254318 0.841416 -0.263852 -0.564560 -0.846950 -0.282578 -0.668593 0.187442 0.234286 0.164725 -0.064486 -0.217154 -0.893003 0.061853 0.275026 -0.114765 -0.154975 -0.013012 0.083875 -0.156884 -0.033642 0.060087 0.017899 -0.006684 -0.104902 -0.032158 -0.071252 0.022730 0.010474 -0.038963 -0.124003 -0.091407 0.009858 0.159723 0.060841 0.180555 0.016681 -0.046543 0.028488 -0.032028 0.016836 0.006370 5.000000
-2.144529 1.273841 -3.255348 -0.447833 -1.315210 0.866210 -1.741817 1.631607 0.393873 -0.547649 -0.019297 0.763011 -0.084236 -0.457995 -0.940018 -0.218002 -0.554217 0.129606 0.250431 0.254300 -0.082383 -0.215657 -0.777511 -0.025823 0.190901 -0.094766 -0.161766 0.010258 -0.021637 -0.125238 0.048901 -0.041904 -0.143287 0.034792 -0.086775 -0.049097 -0.087890 0.001321 0.080154 0.130936 -0.003375 0.001950 0.045780 -0.003585 0.067506 -0.000034 0.030813 -0.019430 0.057958 0.065202 0.040679 -0.011522 5.000000
5.618245 -7.478318 2.525841 -4.496041 -1.923182 1.404619 0.155863 2.364010 -0.801632 -1.586332 -0.089840 0.313594 -0.251973 -0.852408 -0.498546 -0.120123 -0.518524 -0.447249 -0.103380 0.124819 -0.106691 -0.311929 -0.239093 0.369970 -0.001060 -0.558666 -0.188078 -0.091724 -0.315429 -0.032120 0.140251 -0.234533 -0.432878 -0.005527 0.232036 0.273526 -0.395224 -0.019109 0.074156 -0.176800 0.038613 0.103962 0.098367 0.156480 0.065491 0.073220 -0.237467 -0.061032 0.350824 0.008061 0.046807 0.250255 5.000000
-2.074382 1.348711 -3.121108 -0.464220 -1.276767 0.991473 -1.693713 1.656652 0.405859 -0.599095 -0.030879 0.788534 0.133336 -0.419783 -0.841737 -0.049727 -0.427546 0.145969 0.296813 0.296769 -0.094892 -0.136451 -0.714324 -0.041981 -0.091435 -0.065061 -0.155848 0.158154 -0.163416 0.019162 0.077364 -0.065310 -0.328039 -0.011286 -0.140551 0.032248 -0.051559 -0.200652 -0.051216 0.227948 0.142475 0.069529 0.074347 -0.090112 0.087649 -0.083865 -0.000476 0.026178 -0.052123 0.077813 0.032271 0.125877 5.000000
-2.049059 1.344020 -3.102120 -0.442926 -1.322377 0.918586 -1.757887 1.609177 0.451670 -0.588858 -0.029557 0.756468 0.099595 -0.385134 -0.855111 -0.106953 -0.459632 0.092699 0.305983 0.244277 -0.070920 -0.110630 -0.736052 -0.001707 0.090928 -0.068754 -0.163384 0.038908 -0.110803 -0.001175 0.082427 -0.074203 -0.239152 0.014415 -0.138605 -0.017316 -0.057101 -0.168531 0.020684 0.209640 0.157729 0.065678 0.140737 -0.146705 0.127088 -0.047138 0.057129 0.044877 -0.067787 0.113327 0.049445 0.103168 5.000000
-2.617695 0.847755 -3.341743 -0.612177 -1.194270 0.778788 -1.383218 1.642660 -0.066021 -0.229675 -0.149618 0.985420 -0.115881 -0.644680 -0.680006 -0.099134 -0.538006 0.289790 0.253659 0.194104 -0.062241 -0.383392 -0.784503 -0.006852 -0.120444 -0.103409 0.066140 0.211443 -0.141732 -0.098338 0.026792 0.182623 -0.216997 -0.231369 -0.183524 0.015849 -0.010076 0.035587 -0.189719 0.130339 -0.052465 -0.006109 -0.024970 0.176403 -0.017854 0.121240 -0.088880 -0.139904 0.074004 -0.127562 -0.028818 0.064472 5.000000
-2.274717 1.120065 -3.232791 -0.545576 -1.302131 0.852022 -1.579072 1.645282 0.360161 -0.401558 -0.020212 0.831570 -0.011425 -0.477299 -0.866872 -0.167125 -0.574573 0.183222 0.268026 0.249028 -0.040577 -0.178373 -0.843488 -0.033648 0.037497 -0.107753 -0.142892 0.097803 0.013494 -0.066246 0.053891 -0.015396 -0.141874 -0.021497 -0.079322 -0.023555 -0.066848 0.002959 0.061357 0.192557 -0.012432 0.029469 0.041665 -0.016174 0.074517 -0.018653 -0.033256 -0.102264 0.023656 0.060057 0.039067 0.028100 5.000000
6.373994 -0.390203 -2.608327 2.619237 1.427402 -0.009357 1.403223 -1.606196 1.014600 -1.006475 -2.480589 -1.007792 -0.064444 -2.295985 -2.338883 -0.339605 1.704978 0.372645 -0.647047 -0.192603 0.820758 -0.595636 0.048907 -0.151121 0.242208 0.474328 0.432143 -0.510664 -0.101047 -0.085637 0.049793 -0.290764 0.230780 -0.510756 0.099967 0.418060 -0.076252 0.169036 0.004078 0.043218 -0.166752 -0.306466 -0.147794 0.597210 -0.307829 0.236679 0.198547 -0.031222 -0.098458 0.026372 -0.083338 0.272238 6.000000
9.697511 -4.765460 -3.785695 -1.303694 0.137187 1.352688 -2.361222 -2.367573 -0.632246 0.919792 0.859053 -0.047180 -0.350141 0.810554 0.624201 0.333288 -0.927997 0.135532 0.005965 -0.303303 -0.018791 -2.526732 0.125883 0.146245 -0.259616 1.095440 0.266946 -0.046000 0.212253 0.430516 0.000444 -0.078664 0.013878 0.087478 0.159726 0.043971 -0.283708 0.092473 -0.007588 -0.064709 -0.066909 0.060114 -0.024430 -0.010452 -0.126061 -0.103834 0.126745 -0.239588 -0.132360 -0.059877 -0.122789 0.052913 6.000000
9.071730 -4.007313 -3.290798 0.145837 0.340433 0.829611 -1.760465 -1.415516 0.303854 2.083237 0.066683 -0.136191 0.742563 -0.574629 0.263716 -0.356305 0.447000 0.045873 0.392386 0.043841 -0.087418 1.441787 -0.027412 -0.165859 0.090978 -0.571991 -0.178063 -0.080990 -0.046703 -0.312619 0.119208 0.099429 0.078065 0.014845 -0.252584 0.057838 0.066123 0.046204 0.000242 0.064304 -0.033125 0.111170 -0.006449 0.038857 0.054290 -0.055974 0.008663 -0.011178 -0.063967 -0.032116 0.057028 -0.074664 6.000000
-1.425834 -6.732517 1.707167 5.708039 -0.918665 1.301272 1.594691 0.137537 1.762180 0.885914 -2.006897 -0.247557 0.673298 -1.805901 -1.350292 -1.009971 0.976488 0.080607 0.130223 -0.565059 0.519756 -0.660182 -0.524850 0.573252 -1.167733 0.354777 0.934740 -0.434879 0.391330 0.366670 -1.345806 0.899295 0.325028 -0.666644 0.146191 0.115013 -0.198554 0.626490 0.156870 0.365369 0.557502 -0.081164 -0.226581 -0.274960 -0.064755 -0.216033 0.212491 0.380501 0.206071 -0.257049 0.031924 -0.030243 6.000000
9.020755 -3.879782 -3.085294 0.450262 0.484144 0.716920 -1.523654 -1.252120 0.505816 2.081470 -0.076567 -0.115491 0.824965 -0.772594 0.071942 -0.324903 0.704244 0.005267 0.367472 0.071530 -0.091515 1.703677 -0.080659 -0.056240 0.079043 -0.726646 -0.178028 -0.035244 -0.131180 -0.274203 0.067574 0.002816 -0.082140 -0.089955 -0.224071 0.036150 0.083981 0.013283 -0.085535 -0.041279 0.034524 0.146684 -0.062713 0.041283 0.085217 0.016957 -0.013939 -0.035211 -0.025050 -0.149421 0.027889 -0.054457 6.000000
9.020755 -3.879782 -3.085294 0.450262 0.484144 0.716920 -1.523654 -1.252120 0.505816 2.081470 -0.076567 -0.115491 0.824965 -0.772594 0.071942 -0.324903 0.704244 0.005267 0.367472 0.071530 -0.091515 1.703677 -0.080659 -0.056240 0.079043 -0.726646 -0.178028 -0.035244 -0.131180 -0.274203 0.067574 0.002816 -0.082140 -0.089955 -0.224071 0.036150 0.083981 0.013283 -0.085535 -0.041279 0.034524 0.146684 -0.062713 0.041283 0.085217 0.016957 -0.013939 -0.035211 -0.025050 -0.149421 0.027889 -0.054457 6.000000
9.472842 -2.895354 -1.267460 1.137067 1.226715 -0.794601 0.907277 -0.932329 0.670750 -1.536568 -1.733228 -1.243069 0.394354 -2.204773 -1.769696 -0.195274 1.599470 0.832600 -1.448469 -0.357661 0.806096 -0.303388 0.049847 -0.999251 0.894951 1.090408 -0.484535 1.421752 0.008056 0.563028 1.005036 0.032140 -0.152100 1.194817 0.098543 -0.249655 0.084788 -0.368858 -0.096481 -0.327179 -0.099564 0.561320 0.277694 -0.409514 0.371006 -0.082232 -0.192031 -0.414868 0.085922 0.134581 -0.242253 0.017772 6.000000
9.407747 -4.275679 -3.339000 -0.045007 0.409498 0.881543 -1.845078 -1.784240 0.156152 2.084437 0.265858 0.023347 0.631008 -0.395719 0.418458 -0.195007 0.079022 -0.065860 0.441661 -0.093934 -0.218626 0.666210 0.028222 -0.081249 -0.180745 -0.416976 0.013866 -0.060389 -0.131876 -0.165153 -0.034692 0.049179 0.156740 0.009641 -0.232111 0.093485 0.100151 -0.047048 -0.025843 0.007395 -0.080555 -0.156247 0.048937 -0.036196 0.002310 -0.065679 -0.081593 -0.026611 0.180817 0.130501 0.067003 -0.096485 6.000000
9.241494 -4.299531 -3.789904 -0.626863 0.209846 1.269097 -2.353484 -2.072753 -0.302263 1.731993 0.693180 0.018292 0.072027 0.417354 0.590105 -0.040599 -0.513498 0.063535 0.399989 -0.056076 -0.250602 -0.553546 -0.018680 0.008482 -0.248840 0.136660 0.054792 -0.039178 0.010214 0.031523 -0.106001 -0.163110 0.281492 0.085327 -0.075826 -0.167201 0.042676 -0.022086 0.018771 0.031422 0.014969 -0.256692 0.105156 -0.049056 -0.094109 0.041739 -0.001816 0.306227 0.148951 0.292139 0.065559 0.082856 6.000000
9.589852 -4.749637 -3.767753 -1.334392 0.091429 1.150993 -2.471356 -2.272812 -0.764609 1.071594 0.888285 -0.176841 -0.187054 0.823171 0.595835 0.372909 -1.109531 0.124599 -0.069357 0.004533 0.109640 -2.400850 0.176092 0.325830 -0.341982 1.067897 -0.036760 -0.259272 0.101142 0.330561 0.055869 0.030993 -0.006036 0.072015 0.306314 -0.163735 -0.049645 0.020647 -0.011372 0.000787 0.094605 0.041724 0.094164 0.080154 0.081807 0.039613 0.019836 -0.048637 -0.042896 -0.138728 -0.039484 0.088632 6.000000
9.688435 -4.446843 -3.173076 -0.124229 0.473068 0.877024 -1.995484 -1.887823 0.176365 2.065679 0.453085 -0.073942 0.515665 -0.215179 0.463725 -0.221520 -0.050893 0.045093 0.481529 -0.332142 -0.510697 0.299162 0.012641 -0.119703 -0.151044 -0.164588 0.018921 -0.057438 -0.118190 -0.078381 0.037460 -0.042550 0.016983 0.013453 -0.043031 0.095404 0.101632 -0.172184 0.155419 0.035972 -0.066920 -0.239097 0.050763 0.010444 -0.125020 0.009773 -0.088169 0.194315 0.031710 0.206024 -0.071585 -0.003943 6.000000
0.442760 2.639676 3.410869 -0.762770 0.601680 0.840513 -0.075699 0.373266 0.434564 1.632302 -0.700854 0.179288 0.708852 0.907790 -0.204925 -0.617102 0.160346 0.208090 -0.137389 0.564150 0.175941 -0.003662 -0.188520 0.024877 0.448734 0.135996 0.373062 -0.482233 -0.277761 0.350274 0.199908 0.862782 -0.057766 0.103933 0.140818 -0.311951 -0.733024 -0.350136 0.019333 0.247714 -0.616826 -0.155002 -0.157016 -0.008759 -0.548991 0.183899 -0.452257 -0.089389 0.082742 0.269870 -0.077942 -0.167528 7.000000
2.498344 3.408974 2.308397 1.224606 -0.052217 0.349540 0.038063 0.610146 -1.906192 0.681196 0.280257 -0.070269 0.824058 -0.044174 -0.005573 -0.438007 -0.139459 0.563356 -0.075031 0.427808 0.927425 -0.199319 0.157890 0.378391 -0.429965 -0.629883 -0.397126 -0.178330 -0.382054 0.787608 -0.035053 -0.127241 0.022261 0.466774 0.037947 0.135651 -0.022530 -0.049312 0.576495 0.365467 0.137516 -0.266866 -0.127693 -0.315613 -0.269365 -0.490325 -0.313962 -0.252169 0.187893 0.167346 0.106355 -0.033504 7.000000
0.478995 3.412045 1.959633 -0.341461 -1.069807 0.237765 -0.063067 -0.760308 -0.442607 0.405736 0.625581 0.686230 1.189113 0.533549 -0.719631 0.283759 0.617820 0.378329 -0.038154 0.839532 0.737331 0.082398 0.149814 0.462752 -0.385150 -0.150064 0.113365 -0.553188 -0.667765 0.810189 -0.037713 0.223053 -0.266202 0.595329 -0.103957 -0.277931 -0.372292 -0.402441 0.046784 0.118784 -0.054206 0.159725 -0.179147 -0.208581 -0.006835 -0.106107 0.497827 -0.020428 0.134955 -0.299479 0.121649 0.006703 7.000000
-5.767899 -4.730955 4.692799 3.551481 -1.932436 0.498519 -0.345931 0.378166 0.161434 1.109270 1.367986 -0.051113 1.386906 0.225516 0.088429 -0.295608 0.132639 0.226252 0.225422 0.477036 0.334558 0.032595 -0.277664 0.455962 -0.281365 -0.214562 0.537558 -0.333919 0.321229 0.431828 -0.081520 0.078587 -0.330408 0.452765 0.036801 0.206294 -0.167093 -0.486806 -0.166041 -0.163617 0.022653 0.563175 0.080817 -0.054599 0.402944 -0.095977 0.157450 -0.030386 0.399263 -0.382809 -0.428894 -0.225054 7.000000
1.596935 3.210234 2.834506 0.474113 -0.967052 -0.462644 0.119483 -0.577141 -1.201809 1.321849 0.476685 0.563751 0.018155 0.173444 -0.609676 -0.746789 0.011857 0.065732 -0.422045 -0.300569 0.925502 -0.009874 -0.294395 0.349857 0.001427 -0.040591 -0.336027 -0.621006 -0.336655 0.308474 -0.022332 0.001159 -0.332409 -0.006854 0.266721 -0.201567 0.310336 -0.191817 -0.091497 -0.229591 0.031822 -0.170739 -0.140546 0.079606 0.061052 0.117631 -0.230055 0.281322 -0.305107 0.290436 0.055057 -0.062152 7.000000
1.596935 3.210234 2.834506 0.474113 -0.967052 -0.462644 0.119483 -0.577141 -1.201809 1.321849 0.476685 0.563751 0.018155 0.173444 -0.609676 -0.746789 0.011857 0.065732 -0.422045 -0.300569 0.925502 -0.009874 -0.294395 0.349857 0.001427 -0.040591 -0.336027 -0.621006 -0.336655 0.308474 -0.022332 0.001159 -0.332409 -0.006854 0.266721 -0.201567 0.310336 -0.191817 -0.091497 -0.229591 0.031822 -0.170739 -0.140546 0.079606 0.061052 0.117631 -0.230055 0.281322 -0.305107 0.290436 0.055057 -0.062152 7.000000
6.785761 -2.470532 4.333674 -3.394925 -2.146049 0.694262 0.538537 0.808669 -1.202272 -0.179293 -0.102326 0.417508 0.078217 0.072812 -0.592621 -0.187958 -0.204037 0.047538 0.220918 0.841801 0.805420 0.128414 0.502520 -0.110608 -0.045530 -0.278483 0.211501 -0.385452 -0.026229 -0.057766 -0.096252 -0.107606 -0.204267 0.278979 0.223271 -0.655392 0.166138 0.421770 -0.591595 -0.118972 -0.178136 -0.288558 -0.151282 0.028640 -0.340583 -0.025984 0.214507 -0.082065 -0.054004 0.062119 0.228154 0.321823 7.000000
1.477300 3.274070 2.272607 0.405437 -2.066262 -0.905226 -0.150914 -0.522664 -1.161720 1.019606 0.945048 0.252443 0.538098 -0.203618 -0.242706 -0.527838 -0.044848 -0.144933 -0.411409 0.394418 1.084017 -0.139244 -0.012626 -0.019981 0.420955 0.006850 -0.249261 0.129333 0.444639 -0.326826 -0.290745 -0.001899 -0.277172 -0.241256 0.043304 -0.086636 0.350369 -0.054055 0.027219 -0.021523 0.365327 0.452676 0.365207 0.155004 -0.007841 0.118296 0.173265 0.289841 -0.089597 -0.045941 -0.227898 -0.019593 7.000000
1.722038 3.221525 2.795300 0.523980 -1.083714 -0.569741 0.106562 -0.513941 -1.307237 1.298530 0.589720 0.521847 0.076824 0.155177 -0.578533 -0.762626 -0.020093 0.121258 -0.430428 -0.206352 0.992588 0.003351 -0.204233 0.261002 0.017954 -0.072614 -0.340076 -0.571947 -0.230156 0.294615 -0.033904 -0.017353 -0.328821 -0.005577 0.262243 -0.151931 0.376405 -0.163350 0.000114 -0.139349 0.118905 -0.055903 -0.049463 0.044800 0.034165 0.105630 -0.132035 0.260477 -0.321276 0.297017 -0.033548 -0.017888 7.000000
2.365802 3.060999 2.206804 0.854303 -1.612326 -1.359625 -0.027283 -0.050282 -1.584153 1.182825 0.794161 -0.001332 0.144323 0.007235 -0.231508 -0.769176 -0.410992 0.338441 -0.438180 0.457383 1.068699 0.063239 0.152402 -0.249595 -0.123800 -0.026336 -0.122859 0.381904 0.035184 -0.109828 -0.025167 -0.177781 -0.290951 -0.344394 0.129294 0.315028 0.544035 0.067817 0.190097 0.089106 0.286636 0.184358 0.668579 -0.256852 -0.013992 -0.129917 0.172104 0.137706 -0.105873 -0.138170 -0.110511 0.084134 7.000000
2.063241 3.113943 1.979276 0.832904 -1.838535 -1.153678 0.039930 -0.169541 -1.123894 1.160541 0.884915 0.028660 -0.434021 -0.057922 -0.520362 -1.461949 -0.383519 0.316570 -0.199848 0.289288 0.860004 -0.187925 -0.100918 -0.366829 0.226266 0.283151 -0.387014 0.081252 0.372390 -0.604880 0.281712 0.232517 -0.044151 -0.802612 0.147545 0.367003 0.231479 0.342799 -0.170440 0.069398 0.224619 -0.221282 0.483470 -0.076517 0.253346 -0.238466 -0.651246 0.018383 0.105023 -0.372244 0.033217 0.126595 7.000000
2.490057 2.913633 1.312047 1.167187 1.412509 1.013977 0.140466 -0.968088 -0.454236 -0.514900 -0.909198 0.074409 -1.172208 0.652000 -0.224337 0.072657 -0.561434 0.876091 1.119638 -0.946734 0.278397 0.242663 0.197585 -0.515941 0.113596 -0.154316 0.195289 0.199224 -0.021641 0.153529 0.570691 -0.398508 0.026276 0.116858 0.273474 -0.421085 -0.015550 -0.200541 0.397438 -0.037207 0.081785 0.268546 -0.425342 0.256212 0.038660 0.123117 -0.218070 0.151079 0.074825 -0.075937 0.194575 -0.316520 8.000000
1.968222 3.257080 1.887602 1.059884 -0.293594 0.947208 0.045779 -0.544020 -0.743271 -0.666710 -0.212763 0.696433 -0.605294 -0.551947 0.206927 0.231253 -0.614109 0.357907 1.641998 -0.937233 0.444984 0.373454 0.916995 -0.307004 0.085461 0.749127 -0.687473 0.797396 0.105462 0.179320 -0.817112 0.421054 -0.304214 -0.280371 -0.634093 -0.073013 -0.463645 0.137480 0.322471 0.109050 -0.089689 0.128211 0.219382 -0.070768 -0.152125 0.292048 -0.012113 0.082638 0.114055 0.081626 0.109542 -0.083602 8.000000
1.716660 3.060197 1.070791 1.175730 0.513845 1.665663 -0.772005 0.282617 -0.575434 -0.388913 -0.441180 0.056150 -0.927450 0.575222 -0.313619 -0.273169 -0.114880 0.859788 1.361865 -0.381095 0.151681 0.433563 0.580495 -0.655269 -0.182563 0.096011 0.721301 -0.444528 0.312684 0.158766 0.265609 0.058022 -0.185641 0.042748 -0.050939 0.316853 -0.010703 0.114583 -0.100342 0.265272 0.002288 0.549208 -0.154013 -0.121277 -0.213575 0.428160 0.019702 -0.340546 0.024023 0.289079 -0.010363 0.005295 8.000000
-4.140269 -4.955198 3.925797 5.143100 0.936744 2.959877 0.695771 -0.311538 0.591883 0.407760 -1.579161 -1.022194 -0.927132 0.667276 -0.032180 -0.413873 -0.831488 0.458579 0.619761 -1.503165 -0.309194 0.066141 -0.500330 0.261192 -0.631667 -0.366196 0.183203 0.321454 -0.526571 -0.638100 0.371402 -0.582517 -0.182285 0.146085 0.642931 -0.671931 -0.816391 -0.191463 0.025721 -0.224256 0.024163 -0.665606 0.172981 0.085497 1.078911 -0.361810 0.029467 0.074294 -0.851902 -0.220876 0.122841 0.188536 8.000000
1.266807 2.872091 1.969848 0.505050 1.342901 1.701560 -0.063246 -0.549682 0.035900 0.109562 -0.841488 0.594640 -0.917700 0.793610 -0.145608 0.281875 -0.257419 0.566179 0.608967 -0.614448 0.202786 0.380464 0.172219 -0.192551 -0.239968 -0.046618 0.280623 -0.167187 -0.321824 0.558348 0.265855 -0.336698 0.059077 0.091952 0.080413 0.002060 0.524370 0.159467 -0.147101 -0.412693 -0.296544 0.125891 -0.641997 -0.019923 0.581783 0.372376 -0.232882 -0.170489 0.580212 -0.263377 0.066233 0.096959 8.000000
1.968222 3.257080 1.887602 1.059884 -0.293594 0.947208 0.045779 -0.544020 -0.743271 -0.666710 -0.212763 0.696433 -0.605294 -0.551947 0.206927 0.231253 -0.614109 0.357907 1.641998 -0.937233 0.444984 0.373454 0.916995 -0.307004 0.085461 0.749127 -0.687473 0.797396 0.105462 0.179320 -0.817112 0.421054 -0.304214 -0.280371 -0.634093 -0.073013 -0.463645 0.137480 0.322471 0.109050 -0.089689 0.128211 0.219382 -0.070768 -0.152125 0.292048 -0.012113 0.082638 0.114055 0.081626 0.109542 -0.083602 8.000000
4.833295 -2.675758 4.141686 -3.953577 0.087444 2.244644 0.266993 0.176882 -0.030694 -1.507455 -0.484641 0.286471 -1.007771 1.409081 0.439718 0.085978 0.624334 0.808382 0.124042 -1.050834 -0.521166 0.774840 -1.981390 0.178582 0.231957 0.061442 0.872977 0.217314 -0.182183 1.096058 -0.484575 0.136479 0.325672 -0.433047 -0.084117 -0.134901 0.719419 0.743477 0.569329 -0.052041 -0.316652 0.213039 0.263359 0.199613 0.094979 -0.461100 -0.002567 0.313662 0.302771 0.301569 -0.777635 -0.084005 8.000000
-0.417979 2.543168 0.110908 -0.202171 -0.345111 1.628075 -1.209360 0.009105 0.773757 -0.394030 0.503367 0.480983 -0.544469 0.324040 -0.538939 0.828608 0.178454 0.553950 0.595955 0.233612 -0.292416 0.664445 0.521722 -0.587950 0.053006 0.807516 -0.187970 -1.099684 0.366473 0.066777 0.081297 0.866168 -0.106882 0.001298 0.127735 0.505957 0.152805 -0.048612 -0.576122 -0.360438 0.199521 0.211470 0.193647 -0.003035 0.011637 -0.099292 0.549533 -0.651198 -0.545636 0.073875 -0.031472 -0.146459 8.000000
3.048939 2.709301 0.533562 1.983577 1.070292 1.370220 -0.221431 0.754840 -0.999049 -0.368643 -1.083997 -0.710236 -0.965299 0.679029 -0.706451 -0.400988 -0.121468 0.684668 1.294762 -0.858565 0.487868 -0.273429 0.517716 -0.527649 -0.306206 -0.515381 0.559134 -0.202004 0.330458 -0.663054 0.548601 -0.718150 -0.023369 0.197872 -0.107750 -0.254542 -0.217063 -0.273080 0.349460 0.514699 0.721471 0.389760 -0.136922 0.205646 -0.284360 0.063524 0.132520 0.419931 -0.215139 -0.067867 0.026215 -0.174967 8.000000
-1.682329 1.910602 -0.587298 -0.778930 -2.395950 -0.027644 -0.120720 -0.193292 1.073165 0.066677 0.043976 -0.200789 0.269538 -0.016075 0.278513 1.397939 0.694233 0.189885 -0.081327 0.225641 -0.654962 0.029089 0.245676 -0.024631 -0.866313 0.324881 -0.740965 0.089572 -0.289327 0.087232 0.076667 0.284449 -0.205884 -0.287809 0.211895 0.282788 0.125531 1.185897 0.271757 -0.367996 1.020387 -0.160713 -0.360299 -0.278008 0.143887 -0.241764 -0.129487 -0.567147 -0.365246 0.390954 0.388979 -0.405404 8.000000
-0.301926 2.205148 1.300862 -0.653386 1.501133 1.791776 -0.284589 -0.015154 1.292542 0.460378 -0.035036 0.412081 -0.757621 0.960274 -0.051106 0.151681 -0.100129 0.427800 0.029740 -0.370400 0.350573 0.675503 -0.150151 -0.527989 0.038887 0.865655 0.044829 -0.804284 -0.399239 0.291387 0.561030 0.574888 0.290508 -0.416635 0.347658 0.423306 0.414103 0.294418 -0.341824 -0.285619 -0.498025 -0.301078 -0.206277 0.090545 0.186125 0.079033 -0.122722 -0.369285 -0.068610 -0.405696 -0.040765 0.219650 8.000000
0.861057 3.560280 -0.759735 0.873537 -0.817940 0.317479 -0.509180 -1.543326 -0.868146 -1.796150 0.709942 -0.025682 0.669892 0.547787 -0.777552 0.759978 0.455262 0.688950 -0.436822 1.107967 -0.347503 0.037018 0.517299 -0.635479 0.021414 -0.197375 -0.127320 -0.213891 0.261143 0.108755 -0.295297 -0.361675 0.546598 -0.493773 0.050738 0.293106 -0.573481 -0.559132 0.337716 -0.261356 -0.090586 -0.139122 0.305402 0.546578 0.156476 -0.257921 -0.111521 -0.019451 -0.155763 -0.291074 -0.209448 -0.375316 9.000000
-1.363762 2.667244 -0.465313 -0.809755 -0.963337 1.559310 -0.471712 -0.385908 0.485042 -0.847217 0.097981 0.289561 0.855590 0.326753 -1.170331 1.731092 0.287711 0.497712 0.563762 0.476850 -0.537475 0.496797 0.973654 -0.027134 -0.624783 0.348685 -0.404156 -0.115046 -0.117797 0.262905 -0.212971 -0.195070 0.105769 0.184275 0.349121 -0.134637 -0.375838 -0.036013 0.025695 -0.575723 -0.076614 0.219116 0.409179 0.057742 0.177750 -0.417992 -0.215517 0.405274 0.311552 0.219335 0.273643 0.060715 9.000000
2.456260 3.033786 -0.085633 2.274139 0.384797 1.105179 -1.078888 1.975240 -2.084472 -0.632970 0.468075 -1.673793 0.440811 -0.423596 0.668833 0.383615 0.325094 -0.008250 -0.149391 0.377239 -0.223832 0.040479 0.189641 -0.146089 -0.075011 0.056394 0.407233 -0.265234 0.187700 0.188151 -0.119307 0.266431 0.278079 0.029740 0.152913 0.361688 -0.083404 -0.145262 -0.048689 0.303827 -0.429323 -0.016638 -0.176150 -0.446666 0.388937 0.219887 0.046119 -0.048881 0.014918 0.370478 -0.041195 0.173879 9.000000
-6.605339 -4.246710 1.394373 4.570553 -1.938694 1.883940 -0.693354 -0.843605 0.406929 -1.493597 0.481121 -0.358216 0.337678 -0.177501 -0.809962 0.858302 -0.070433 0.569527 -0.317670 0.694506 -0.698979 0.494292 0.601500 -0.252061 -0.546310 -0.250365 -0.161238 -0.635720 -0.148669 -0.020176 0.016210 -0.310801 0.139047 -0.027273 0.431891 -0.653717 -0.264136 -0.223613 0.301077 -0.583352 0.366639 -0.302234 0.364086 0.387961 -0.620858 -0.178235 -0.059715 -0.089423 0.742631 0.189749 -0.091106 0.249298 9.000000
2.419265 2.948290 -0.091798 2.339948 0.482978 1.183081 -1.027300 2.116121 -2.100963 -0.502047 0.377427 -1.940391 0.321816 -0.636956 0.726288 0.618489 0.399357 -0.190715 -0.198975 0.137230 -0.219345 -0.085721 -0.008011 -0.010897 0.118688 0.155343 0.397731 -0.329153 0.102395 -0.056524 -0.232009 0.087274 0.267106 -0.129009 0.208473 0.110161 0.028653 -0.206284 -0.289635 0.124224 -0.142366 -0.043815 -0.208662 -0.220623 0.188738 0.168179 0.064383 0.073024 -0.014614 0.391558 -0.035920 0.029801 9.000000
2.419265 2.948290 -0.091798 2.339948 0.482978 1.183081 -1.027300 2.116121 -2.100963 -0.502047 0.377427 -1.940391 0.321816 -0.636956 0.726288 0.618489 0.399357 -0.190715 -0.198975 0.137230 -0.219345 -0.085721 -0.008011 -0.010897 0.118688 0.155343 0.397731 -0.329153 0.102395 -0.056524 -0.232009 0.087274 0.267106 -0.129009 0.208473 0.110161 0.028653 -0.206284 -0.289635 0.124224 -0.142366 -0.043815 -0.208662 -0.220623 0.188738 0.168179 0.064383 0.073024 -0.014614 0.391558 -0.035920 0.029801 9.000000
6.379250 -1.760838 1.464913 -2.426744 -1.653629 0.667586 -0.091566 0.393776 -1.640724 -2.005364 0.766754 -0.012960 -0.107527 0.583838 -0.556213 1.059708 0.247571 0.772283 -0.418826 0.903818 -0.404617 0.412624 0.419205 -0.903295 0.119417 -0.310732 0.682435 -0.344335 0.735244 -0.209340 -1.137086 -0.604557 0.425801 -0.173868 -0.215087 0.104613 0.297329 -0.292759 -0.167036 0.425700 0.139977 -0.154291 0.226289 0.351028 0.601201 0.130321 0.104729 -0.068698 -0.382282 -0.091951 -0.331011 0.068312 9.000000
2.618076 3.107397 0.590607 2.304860 -0.261375 0.517018 -0.194689 1.207317 -2.183937 -0.216324 0.962606 -1.052375 0.580800 -0.925510 0.555804 0.424777 0.197843 -0.460725 -0.311223 -0.778437 0.091058 -0.032383 -0.267234 0.027023 0.209012 0.272419 -0.410301 0.180833 -0.170094 0.039838 -0.501301 -0.339513 0.134480 -0.400927 -0.195702 0.372561 0.177926 -0.117940 0.228628 -0.297443 -0.385547 -0.737480 0.287493 0.168118 0.272899 0.130590 -0.184568 -0.108818 0.272793 -0.257743 0.420235 -0.142502 9.000000
3.094370 2.750594 -0.172563 2.659808 0.417657 0.680941 -0.369809 2.022088 -2.042167 -0.305466 0.544289 -1.882609 0.444330 -0.760628 0.897200 0.734735 0.139212 -0.412922 0.052150 -0.528950 -0.194679 0.009422 -0.358237 0.292690 0.155890 0.385219 -0.180571 0.250064 -0.335048 0.107280 -0.136232 0.078870 -0.156447 -0.320846 -0.015425 -0.201497 -0.011963 0.154345 0.003104 -0.371518 -0.181175 -0.403581 0.049281 0.139529 -0.059901 -0.064990 -0.109624 0.119075 0.172036 -0.370732 0.324848 -0.012129 9.000000
3.352474 2.645087 -0.518552 2.578448 0.904775 1.011515 -0.884630 2.513274 -1.790358 -0.384375 0.162563 -2.008935 0.207228 -0.277017 1.034723 0.306192 -0.141626 -0.024104 0.256408 -0.004066 0.052412 0.163247 -0.075167 0.311621 0.070824 0.190756 0.051082 0.076561 -0.072825 -0.226360 0.240846 0.027487 0.117345 0.219530 0.351704 -0.372780 -0.013653 0.059112 0.045553 -0.123907 0.132555 0.464024 -0.145289 -0.214803 -0.057003 0.095617 0.147707 0.266945 -0.172623 0.136018 -0.017956 0.013607 9.000000
3.383660 2.246517 -1.023741 2.612531 0.482985 0.352015 -0.619199 2.573845 -1.408400 0.044039 0.676217 -2.062649 0.206036 -0.226464 0.914994 0.685731 0.030826 -0.334771 0.154257 -0.059053 -0.311636 0.284296 -0.482812 0.336368 0.503692 0.319994 -0.255388 0.150042 -0.245713 -0.175891 0.628338 0.571722 -0.752921 -0.098359 -0.009397 -0.784567 -0.047824 0.598916 -0.245020 -0.365986 0.291369 0.433930 -0.136786 0.590792 -0.794706 -0.384856 0.298167 0.017688 -0.084895 -0.770415 -0.369244 0.112802 9.000000
-2.988311 0.597591 0.845560 -1.943929 2.364718 0.004726 0.162642 -0.008214 1.390833 -0.269767 0.735011 0.355724 0.562205 -0.833408 0.867221 -0.192915 0.434283 0.150539 -0.458020 -0.543485 0.210476 -0.774251 0.212570 -1.255390 -0.082997 -0.554942 -0.566080 -0.561604 -0.073320 0.070287 -0.177933 -0.457955 -0.511574 -0.626638 -0.448270 -0.447274 -0.141562 0.020403 -0.254794 0.078516 -0.255336 -0.011676 -0.354024 0.135486 -0.108478 0.528672 -0.036568 0.094868 0.060983 -0.114216 -0.042162 -0.049528 10.000000
-2.399384 1.627990 0.768569 -2.094880 0.066281 -0.015335 -0.303950 0.126013 1.561498 -0.306373 0.796695 0.216292 1.097860 -0.803094 0.406724 0.924290 0.368673 0.432208 0.265190 0.168293 0.289767 -0.450577 -0.114781 -0.355838 -1.035439 -0.308659 -0.665536 -0.171215 0.752421 -0.180208 0.399355 -0.373759 -0.468569 -0.291822 0.192291 0.029829 -0.018986 0.269902 -0.215269 0.058087 0.039171 0.397323 -0.880749 -0.130620 0.676669 -0.330744 0.072660 0.185488 0.180759 -0.126255 -0.299261 0.156779 10.000000
-0.192700 2.431686 2.816679 -1.072090 1.850462 1.529512 -0.708722 0.211599 1.812212 0.433733 -0.674546 0.374488 -0.147351 -0.548791 1.193739 0.633703 0.199451 0.860698 -0.120229 0.770971 0.201234 -0.264282 0.092104 0.379298 0.245420 -0.118267 0.027576 0.256552 -0.045569 -0.035503 -0.108718 0.184155 -0.073137 0.285089 -0.110882 0.242112 -0.034531 0.052217 0.102874 0.326613 0.004744 -0.143595 -0.026940 -0.061073 -0.112522 -0.200349 0.200548 -0.018240 0.023759 0.070549 0.028628 0.104606 10.000000
-6.139084 -3.937364 2.651155 2.541493 1.021732 1.397601 0.171236 -1.218115 1.470999 -0.714254 1.059753 -0.506074 0.497105 -0.077298 0.259726 0.202976 -0.286840 0.804480 -1.089178 -0.166947 0.332814 -0.239438 -0.143540 -0.395545 -0.431012 -0.116488 -0.527714 -0.219318 -0.076691 -0.267452 -0.183749 -0.678809 -0.558191 -0.572438 -0.492261 -0.356202 -0.201980 0.425069 -0.546672 0.141351 -0.368336 -0.001847 -0.304743 0.161789 -0.232085 0.267429 0.179225 -0.239482 -0.191160 -0.099268 0.108290 -0.383940 10.000000
-0.359506 2.332873 2.800896 -1.245130 1.864182 1.405468 -0.426045 0.052936 1.981269 0.692909 -0.542300 0.364550 -0.137937 -0.307235 1.079146 0.448291 0.302054 0.775017 -0.438488 0.599407 0.212699 -0.258909 -0.090697 0.341202 0.299805 -0.044529 -0.015118 0.270099 -0.031176 -0.371952 0.020914 -0.090948 0.006711 -0.118595 0.022517 0.194630 0.030163 -0.074995 -0.122991 -0.060897 0.134347 -0.227416 0.103369 0.086509 -0.134209 -0.023696 -0.025159 0.080845 -0.081439 0.014834 -0.026836 0.084352 10.000000
0.553710 2.595589 3.179774 -0.571484 1.865880 1.702695 -0.550297 0.195479 1.271186 0.716904 -1.156479 0.487138 -0.419680 -0.491303 0.980515 0.563331 0.009044 0.836216 -0.037323 0.573841 0.037213 -0.291723 0.026306 0.541159 0.412312 -0.312432 0.092849 0.493545 -0.160956 -0.362668 -0.230026 -0.056173 0.103233 0.136445 0.067992 -0.086102 0.062400 -0.162198 0.067421 -0.109757 0.263723 -0.050166 0.025557 -0.057981 -0.066637 -0.126731 -0.011919 -0.141610 0.004718 0.156871 -0.142934 0.085900 10.000000
-0.568287 -0.626094 2.319682 -4.293258 0.804272 0.520455 0.550994 1.079185 0.846648 -0.492336 0.944265 -0.166044 0.936804 0.490621 1.593271 -1.287613 1.142210 0.985457 -0.944502 -1.125247 -0.325661 -0.305610 -1.793219 -1.443776 -1.259015 0.143485 -0.626949 -0.083867 0.344457 0.319932 0.303493 -0.162766 0.496139 0.185811 -0.159945 -0.266830 -0.140608 -0.032235 -0.193459 0.065218 -0.072218 0.476916 0.507090 0.089960 -0.158052 0.303433 0.110718 0.194214 0.149795 0.161188 0.515955 -0.250669 10.000000
-0.238800 2.460999 2.859880 -1.098917 1.730488 1.456473 -0.597849 0.076817 1.778885 0.485369 -0.547599 0.485455 -0.124409 -0.569340 1.163923 0.715015 0.237820 0.794208 -0.290190 0.596175 0.270869 -0.227790 -0.004157 0.359462 0.187872 -0.053336 -0.054260 0.384285 -0.005170 -0.347606 -0.133522 -0.128214 -0.112061 0.049619 -0.005399 0.204298 0.078062 -0.141916 -0.075853 0.031391 0.229427 -0.171537 -0.092875 0.154183 -0.037562 -0.124656 -0.015513 0.091725 0.027916 0.058877 -0.053012 0.121320 10.000000
-0.131716 2.480526 2.931313 -1.049956 1.863410 1.535427 -0.593228 0.079604 1.715139 0.556305 -0.694487 0.498467 -0.152791 -0.591225 1.171510 0.642305 0.165504 0.772406 -0.237301 0.609224 0.244128 -0.295625 -0.019842 0.487301 0.297403 -0.122095 -0.056598 0.432385 -0.089070 -0.335506 -0.202582 -0.093548 -0.018117 0.073934 -0.006122 0.140103 0.082410 -0.151383 -0.041915 0.016166 0.272432 -0.205454 -0.008918 0.091389 -0.074521 -0.031596 0.063050 0.061068 -0.001781 0.090007 -0.117162 0.092103 10.000000
-0.217729 2.281084 2.578211 -1.044872 1.845534 1.557964 -0.611381 0.163139 1.949901 0.762919 -0.610119 0.205685 -0.343677 0.037817 0.731903 -0.171320 0.077939 0.707805 -0.382412 0.361581 0.241233 -0.097842 -0.011471 0.354040 0.938650 0.096327 -0.165485 -0.369429 -0.034369 -0.344073 -0.125023 0.144757 0.400754 0.044743 0.207654 -0.030344 -0.063528 -0.059763 0.209520 -0.182365 -0.394482 -0.244085 0.894629 0.003220 -0.008082 0.531224 0.167034 -0.098195 -0.108801 -0.492972 0.218349 -0.039355 10.000000
-0.098859 2.408068 3.064425 -1.016040 1.350257 1.189495 -0.407715 0.124236 1.646173 0.762742 -0.686209 0.357644 -0.369867 -0.751748 1.335537 0.539934 0.041396 0.744501 -0.093454 0.643283 0.335821 -0.326236 -0.125139 0.402600 0.184562 -0.245114 0.172525 0.241888 0.004631 -0.266768 -0.112992 -0.126593 0.166584 0.167274 0.066004 0.129977 0.151505 -0.089039 0.142359 0.113214 0.125633 -0.076049 -0.081555 -0.125825 -0.119098 -0.101916 -0.042155 -0.204774 0.128357 0.040098 -0.139142 0.043953 10.000000
-2.339562 -2.303063 1.826957 -0.369966 2.810020 -5.101158 -1.422464 -0.373833 -0.912473 -0.160514 -0.329423 0.163391 0.012458 0.306509 0.032286 -0.010260 -0.207469 -0.087530 0.208862 -0.402950 -0.130063 0.148987 0.264758 -0.166481 0.327512 0.698254 -0.064178 0.038889 0.221150 -0.390832 0.118089 0.367579 0.169976 -0.283928 0.004127 0.139673 0.128676 -0.813679 -0.011948 0.474739 0.363323 -0.596081 -0.737955 0.172958 -0.180157 -0.202485 -0.375095 -0.265420 0.315344 -0.078573 -0.012195 0.227540 11.000000
-2.511778 -1.384829 1.221128 -0.955659 1.916655 -4.656420 -2.159269 0.142354 -0.217273 -0.206671 -0.639854 -0.052636 0.349623 -0.142388 -0.289217 0.301488 -0.196541 0.127331 0.175635 -0.055924 0.052356 0.198136 0.038343 0.131267 -0.163467 -0.054100 0.244522 -0.002645 -0.033558 0.145728 -0.162098 -0.172567 -0.166266 -0.314824 -0.205596 0.242867 -0.500891 0.164113 -0.012198 -0.228203 -0.488510 0.398695 0.119997 -0.104395 -0.112775 -0.306855 -0.019130 0.310763 -0.571488 0.041328 -0.071545 0.299103 11.000000
-3.012839 -2.106008 0.590988 -0.211783 1.185202 -4.912308 -2.241008 0.026803 -0.988027 -0.105601 -0.707246 0.368689 -0.349581 0.089516 -0.580215 1.558658 0.705900 0.047834 0.504821 -0.065036 -0.289979 -0.024257 0.153200 0.459565 -0.505257 -0.164445 0.056332 0.447073 -0.004233 0.373620 0.830932 -0.012067 0.038835 -0.039245 0.601992 0.108833 0.527426 0.127138 -0.656783 0.274933 0.560316 -0.496223 0.238087 0.085684 -0.006924 0.930464 0.211868 0.446186 0.281953 -0.237240 -0.345693 -0.624077 11.000000
-5.380814 -6.550254 4.275412 3.641273 0.392338 -2.267662 -1.304062 -0.720834 -0.165033 0.204359 0.480124 -0.422481 0.219359 -0.030165 -0.270775 0.658012 -2.019182 0.282148 -0.828685 0.071612 0.432423 0.657020 0.208614 -0.397101 -0.045311 0.213205 -0.163630 0.365618 0.016174 -0.398163 0.797210 0.617824 -0.141810 -0.421778 0.400118 -0.319939 0.168996 -0.024020 0.137711 0.844973 -0.189861 -0.183870 0.216915 0.490603 0.318256 -0.168426 0.657136 -0.076852 0.711158 0.584879 -0.065832 0.294813 11.000000
-1.578817 -0.835847 1.513096 -0.706340 2.441398 -4.258636 -2.549338 -0.188256 0.341248 -0.361332 -0.723084 -0.187986 -0.349118 -0.964377 0.169744 0.265988 -1.576663 -0.382708 -0.626563 0.558248 0.439080 0.268651 0.040017 -0.488170 -0.159015 -0.292788 0.200273 -0.457116 -0.018873 0.172223 -0.531856 0.036364 0.380885 0.307297 -0.038876 -0.185640 -0.369904 0.287442 0.435581 -0.476458 -0.280070 0.644063 0.285891 -0.029335 0.111108 -0.236060 -0.285190 0.020729 -0.515674 -0.100272 0.036637 0.182835 11.000000
-3.390880 -2.021471 0.362532 -0.625947 1.802315 -4.698326 -1.821187 -0.061268 -0.860928 -0.193297 -0.604130 -0.204176 -0.101627 0.539630 -0.473585 0.597406 1.288344 0.581726 0.877515 0.061692 -0.088746 -0.250416 0.007222 1.001586 -0.067039 -0.222384 -0.080651 0.069828 0.411965 0.431836 0.419986 -0.345650 -0.353778 -0.343639 -0.126739 0.060584 -0.196663 0.244331 -0.489927 0.137682 -0.273325 -0.022619 0.455076 0.075182 -0.149197 0.228735 -0.233073 0.134239 -0.166451 0.069075 0.043080 0.057256 11.000000
-1.127791 -3.557037 3.247115 -2.712484 1.290466 -4.084249 -1.243064 1.129150 -1.795190 -0.473943 -0.350210 -0.015200 0.403967 1.686831 -0.022105 -0.928147 1.152605 1.190312 -0.100355 -1.051223 -0.402370 0.369441 -1.029797 -0.321373 -0.744806 0.838679 -0.692506 0.013633 0.051228 -0.620841 -0.496878 0.807912 0.689157 0.616179 -0.443178 0.005894 -0.138687 -0.656669 -0.222450 -0.115410 0.674203 -0.286758 -0.160224 0.034939 -0.148291 -0.374632 0.197996 -0.274695 -0.004022 -0.169412 0.307972 0.321473 11.000000
-4.088867 -2.170361 0.756309 -0.983814 2.046204 -3.638531 -0.633011 0.138303 -0.821299 0.209949 -1.054949 -0.000497 0.836815 0.804325 0.135028 -0.721681 1.475601 0.409788 1.058426 0.413956 -0.923030 -0.288090 -0.094234 0.307367 0.552494 0.943216 0.735744 -0.278456 -0.340254 -0.448758 -0.301694 -1.616962 -1.334092 -0.251915 -0.133867 0.457217 0.055695 -0.156285 0.129474 -0.479720 -0.104837 0.145394 -0.015112 -0.450820 -0.158576 -0.240835 0.344715 0.054848 0.250261 0.280225 0.297251 0.103550 11.000000
-1.778706 -1.114705 1.727468 -0.739848 2.597587 -4.415512 -2.261121 0.021291 0.020042 -0.179295 -0.929183 0.114123 -0.101477 -0.939503 0.230421 0.284942 -1.481696 -0.588916 -0.638344 0.324190 0.146169 0.260794 -0.005640 -0.694273 -0.480763 -0.075768 0.388380 0.023147 -0.394138 0.087834 -0.468920 0.072760 0.052924 0.167093 0.195747 -0.025131 0.090481 0.169594 0.277809 -0.266041 0.000752 0.217596 0.029636 0.002784 -0.034631 0.137091 -0.019013 0.079487 -0.176687 -0.079226 0.033826 -0.213998 11.000000
-3.222227 -1.524340 0.159465 -0.547924 1.741780 -4.075037 -1.861803 -0.161272 -0.855247 -0.522530 -0.121429 -0.255276 0.293881 0.603722 -0.703623 0.220049 1.172477 0.544554 0.883043 -0.411104 0.352371 -0.408225 -0.019023 1.903922 1.346804 -0.801373 -0.881458 -0.703148 0.823187 -0.020308 -0.114648 0.156547 0.664211 0.205222 -0.369223 -0.623067 -0.385447 0.848599 0.379637 0.085202 -0.365295 -0.012560 -0.061283 -0.040359 0.472371 0.072266 -0.058717 -0.413383 0.074064 0.003815 -0.009196 -0.118445 11.000000
-1.664884 -1.030360 1.831458 -0.806329 2.431790 -4.143619 -2.029783 0.126794 -0.014703 -0.005917 -1.010567 0.280772 -0.179318 -1.180420 0.311919 0.202947 -1.840108 -0.789778 -0.799908 0.187369 0.006845 0.242214 0.000600 -0.979705 -0.558037 0.021050 0.434621 0.091146 -0.510968 0.095374 -0.530900 0.169437 0.133608 0.180232 0.207294 -0.038367 0.213355 0.188826 0.224236 -0.300739 0.015521 0.072192 -0.276986 -0.017747 -0.022512 0.115127 0.074419 -0.059221 0.027984 0.004500 0.044954 -0.456730 11.000000
-3.094289 -0.046114 -3.035871 -0.866189 1.226928 -0.099048 -0.342146 0.065014 -0.713093 -0.903709 0.873417 0.857665 -0.005165 0.273798 -0.035664 -0.006837 0.858476 0.408907 -0.393106 -1.431862 0.140262 -0.744833 0.888933 -0.050296 0.593929 -1.039935 -0.131170 0.255391 -0.464248 -0.323632 -0.558423 0.351369 -0.169218 0.216652 0.444908 0.243344 0.131534 -0.206699 -0.247139 0.103242 -0.079118 0.259170 -0.191764 0.202759 -0.089560 -0.433903 -0.139466 0.178461 0.120888 -0.048971 -0.288763 -0.257513 12.000000
-4.490733 -1.371435 -2.498691 -0.418181 -0.191040 0.499989 -0.597938 1.463556 -0.835295 0.480661 0.066995 1.029647 -0.335057 -0.078577 -0.281945 -0.053357 0.405041 0.335413 -0.427270 -1.209049 -0.197584 -0.385899 1.063234 0.137009 -0.271668 -0.698516 0.545478 0.538665 -0.271634 -0.250350 -0.383131 0.600769 -0.288961 0.131959 0.295695 0.147302 0.216974 0.229797 -0.318947 -0.273639 -0.358612 0.144444 -0.039373 0.087524 -0.107950 -0.123405 -0.164755 -0.177701 0.169491 -0.125200 -0.100620 -0.265523 12.000000
-2.899173 -0.216906 -1.066431 -0.301727 -0.574621 0.680381 -2.095502 1.828064 1.637937 0.063767 0.869879 -0.053851 -0.124382 0.459161 -0.218300 -0.855218 0.115452 -0.706668 -0.863153 -1.265055 0.187740 0.087439 1.005516 -0.164989 0.866456 0.290474 0.024480 -0.270100 0.239234 0.208200 0.076458 -0.329828 0.452846 -0.174265 -0.065038 -0.047737 -0.107710 0.061293 0.227530 -0.031407 0.221190 -0.030028 0.076786 -0.183188 0.061472 -0.187182 0.271284 0.014912 0.056565 -0.395241 -0.114929 0.063248 12.000000
-6.978540 -5.348405 -2.111133 4.098028 -1.039510 1.517284 -0.600318 -1.212851 -0.789321 -0.587623 -0.648068 0.160627 -1.776484 0.799929 0.587837 0.326637 0.052651 0.128246 -1.497003 0.091763 0.599823 0.098997 0.163190 0.649346 0.330553 -0.083209 0.040155 -0.014521 0.476099 -0.534435 -0.345516 0.352165 -0.130855 -0.036505 -0.665645 0.084957 0.502403 -0.302804 -0.415283 0.077669 -0.616940 0.879903 -0.291659 -0.007817 0.142493 -0.279384 -0.051079 0.388797 0.089889 -0.001695 0.676572 0.248880 12.000000
-5.127095 -2.763941 -3.182718 2.050299 -1.159284 0.980144 -0.866044 0.527577 -1.628974 0.379102 -1.228017 1.428788 -1.971021 0.675310 1.151240 0.310807 1.969106 -1.377210 -0.523381 0.829263 0.890598 0.554101 -0.051115 -0.248066 -0.867362 0.829657 -0.526173 -0.156542 -0.195572 -0.275561 -0.047110 -0.394850 -0.165162 0.197781 0.168811 -0.171847 -0.212972 0.100207 0.391133 0.356819 -0.220499 -0.085068 0.110930 0.010073 0.005121 0.059469 -0.073490 -0.122771 -0.010662 -0.031521 -0.351832 -0.047425 12.000000
-5.127095 -2.763941 -3.182718 2.050299 -1.159284 0.980144 -0.866044 0.527577 -1.628974 0.379102 -1.228017 1.428788 -1.971021 0.675310 1.151240 0.310807 1.969106 -1.377210 -0.523381 0.829263 0.890598 0.554101 -0.051115 -0.248066 -0.867362 0.829657 -0.526173 -0.156542 -0.195572 -0.275561 -0.047110 -0.394850 -0.165162 0.197781 0.168811 -0.171847 -0.212972 0.100207 0.391133 0.356819 -0.220499 -0.085068 0.110930 0.010073 0.005121 0.059469 -0.073490 -0.122771 -0.010662 -0.031521 -0.351832 -0.047425 12.000000
-1.861123 0.229101 -3.206567 -0.999704 0.426192 0.235943 0.814551 0.329061 -1.498640 0.634584 0.962049 0.630055 -0.573217 0.617164 -0.002128 -0.210102 0.887596 0.883840 -0.686807 -1.031090 -0.070190 -0.555720 0.578255 -0.251727 -0.151762 -1.153308 0.204421 0.547104 -0.347642 -0.837126 -0.326161 0.608356 0.046571 0.343810 0.976982 0.577048 -0.189332 0.103597 -0.002581 -0.392909 -0.295706 0.169741 0.141944 0.146475 -0.141293 0.070849 0.298068 0.140617 -0.070462 -0.036778 -0.070299 -0.007798 12.000000
-2.422938 0.289036 0.147287 -0.247383 0.339345 1.339710 -2.282973 1.647345 1.904920 -0.003169 0.119429 0.359208 0.046177 0.427633 0.265016 -0.533315 0.053710 -0.908577 -0.877785 -0.555572 0.209736 0.499914 0.685995 0.241976 0.517571 0.342179 0.590384 -0.049174 0.245221 0.722448 0.493811 -0.384063 0.231294 0.027082 -0.371559 0.202451 -0.140136 -0.078163 -0.186740 -0.139880 0.604970 -0.142121 0.126376 0.153545 0.011007 -0.061336 -0.023258 0.211236 0.029755 0.021501 0.291227 0.027009 12.000000
-2.116372 0.259676 0.478671 -0.048414 0.185277 1.315755 -2.438920 1.601955 1.869936 0.040636 0.004965 0.392481 0.034302 0.446049 0.263898 -0.455634 -0.049434 -0.828142 -0.753796 -0.435224 0.201269 0.552832 0.561572 0.394613 0.718516 0.408545 0.604353 -0.043334 0.330512 0.831132 0.521362 -0.381985 0.243166 0.109851 -0.428366 0.168393 -0.191921 -0.067471 -0.108772 -0.164369 0.481472 -0.160473 0.158597 0.111703 0.122376 0.094029 0.040861 0.348412 -0.011374 0.031899 0.244220 -0.059788 12.000000
-3.665205 -0.764847 -0.846892 -0.483118 -0.123803 0.475343 -1.378110 1.883370 1.292778 0.234396 0.829647 0.088591 0.216142 0.419585 -0.534691 -0.972666 0.074578 -0.485220 -0.811213 -1.210306 0.216946 0.048914 1.156008 0.043343 0.203218 -0.157951 0.120117 -0.072100 -0.224470 -0.054776 -0.115964 -0.487225 0.399578 -0.118186 0.207539 -0.288616 0.199839 0.373408 0.119023 0.055190 0.000462 -0.158950 0.119594 -0.338107 -0.319790 0.002807 0.011192 -0.361731 0.027041 0.204538 -0.238566 0.095233 12.000000
-3.754347 -0.739248 -0.847798 -0.578650 0.549237 1.082925 -1.471053 1.913854 1.367084 -0.024195 0.864918 0.283299 0.357572 0.334167 -0.422992 -0.916340 0.218462 -0.623082 -0.670969 -1.003346 0.057402 0.190326 1.282037 -0.005440 -0.178120 0.093916 0.099692 0.235225 -0.194032 0.081752 -0.198310 -0.333756 0.121526 -0.058877 -0.119831 -0.211962 0.056632 0.134891 -0.078722 0.135522 0.107639 0.041887 -0.220276 -0.185332 -0.155826 -0.272112 0.022484 -0.061563 0.000603 0.267361 0.024086 0.063640 12.000000
0.715633 2.841812 -0.076552 -0.058075 -3.872091 -1.696329 -0.302173 -0.097619 -0.122317 0.869050 0.057429 -0.314921 0.564519 1.167930 -0.292847 -1.091664 0.458236 0.846727 -0.699270 1.299204 -0.471169 -0.305387 0.207731 -0.229740 0.142843 0.016516 0.717047 0.778551 -0.377221 -0.214550 0.603795 0.200209 0.198526 -0.599290 -0.186099 0.235495 -0.721266 0.234211 0.273290 0.130208 -0.238643 -0.012579 -0.336991 0.020413 0.185770 -0.073687 0.144910 0.098812 -0.070962 -0.295372 0.143653 -0.505735 13.000000
-1.629543 2.288368 -1.438002 -1.312732 -3.843259 -1.024495 0.549731 -0.855008 0.838317 0.207438 -1.437074 -1.201950 0.307884 0.556677 0.423226 0.348723 -0.304342 -0.106634 0.088245 -0.313294 0.150748 0.038301 0.026811 0.085856 0.115412 -0.075056 -0.144689 -0.038175 -0.117760 0.005247 -0.206969 -0.170413 0.060775 0.149244 0.131495 0.061793 0.104082 -0.029729 -0.117332 0.002798 -0.033320 0.095527 0.090855 0.028818 -0.097391 -0.017651 0.011423 -0.128893 0.113040 0.032478 -0.023935 -0.013393 13.000000
-1.930603 2.035534 -1.743561 -1.445077 -3.782180 -1.035852 0.568616 -0.770954 0.849860 0.205855 -1.615422 -1.208597 0.213897 0.402603 0.528306 0.262621 -0.483809 -0.288050 0.152474 -0.491915 0.343353 0.064196 -0.132312 0.040302 0.048800 -0.166106 -0.235147 -0.203725 0.052867 0.195562 -0.248040 -0.123439 0.119843 0.264193 0.043621 0.087712 0.134367 -0.130732 -0.129535 0.077824 -0.024813 0.027653 -0.002920 -0.030020 0.018531 0.064779 0.040612 -0.029854 -0.001131 0.019464 -0.109102 0.004423 13.000000
-4.840905 -3.111251 1.598694 2.303935 -3.980757 -1.057778 -0.803376 0.882585 0.206150 1.039517 0.213854 0.005527 0.634521 0.486015 0.671564 -0.532350 1.276379 -0.137228 0.465208 1.026988 -0.687096 -0.879373 0.389333 -0.527081 0.372532 -0.508089 -0.035967 0.960380 -0.360150 0.721783 0.425690 0.267386 0.419345 -0.425652 -0.144806 -0.039817 0.763070 -0.059845 1.170247 -0.217569 0.101675 0.381027 -0.746623 0.871386 0.185751 0.472079 -0.072803 -0.201003 -0.612228 0.264148 0.156888 0.610175 13.000000
-1.756404 2.066711 -1.727871 -1.238605 -4.088045 -1.154712 0.459353 -0.634713 0.863016 0.326612 -1.662767 -1.161389 0.043365 0.485573 0.590693 0.146167 -0.458068 -0.329723 -0.031437 -0.636938 0.123055 0.066541 -0.146347 -0.221684 0.293616 0.093963 -0.138775 0.051957 -0.051758 -0.166581 -0.238863 -0.278451 -0.077123 -0.199914 0.045879 0.121587 0.106866 -0.202384 -0.224594 -0.031537 0.027959 0.036701 -0.036355 0.138190 -0.022714 -0.021154 0.008274 -0.029130 0.014603 0.080250 -0.218167 0.084351 13.000000
-2.152381 1.804720 -1.715734 -1.636413 -3.682772 -1.096380 0.573797 -0.480317 0.867291 0.425338 -1.693879 -1.184352 0.092203 0.353381 0.739995 0.096029 -0.548792 -0.216998 0.157354 -0.514206 0.455595 0.085141 -0.168055 -0.086888 -0.169625 -0.339500 -0.248079 -0.230671 0.136084 0.188507 -0.088215 -0.155304 0.117769 0.131177 0.001960 0.253564 0.010830 -0.191636 -0.289707 -0.169587 0.071831 -0.039731 -0.156394 -0.186120 -0.132450 0.067940 0.153672 -0.143277 -0.006887 -0.045483 -0.198990 0.192669 13.000000
5.870573 -2.039761 2.281182 -2.439544 -4.152989 -0.749130 0.167833 0.917102 -0.316954 0.220919 -0.253309 0.007851 -0.168519 0.626522 -0.232391 -0.714013 0.159708 0.705195 -0.381568 1.335063 -0.201340 0.028662 0.964997 -0.620219 0.062251 0.251852 0.470105 1.100238 -0.291848 -0.236205 -0.240250 0.160329 0.103963 0.270189 -0.641199 -0.861422 -0.429413 0.517087 -0.820938 -0.063788 -0.177230 -0.773898 -0.386901 -0.566335 0.395473 0.155442 -0.073198 0.306292 0.034083 -0.098845 -0.052840 -0.198633 13.000000
-1.500419 2.354673 -1.226651 -1.274222 -3.929785 -1.116677 0.484231 -0.911674 0.901322 0.166218 -1.280595 -1.146898 0.457039 0.608194 0.292198 0.232958 -0.221309 -0.086653 0.141312 -0.237688 0.125964 -0.033714 0.056635 0.123294 0.159025 -0.016667 -0.136019 0.030726 -0.130032 0.013648 -0.241869 -0.073857 0.063744 0.175363 0.143080 -0.027011 0.055250 -0.016001 0.051404 0.085790 -0.056164 0.107142 0.109229 0.090756 -0.007837 -0.015402 -0.023252 0.070954 0.204432 -0.006596 0.061589 -0.046838 13.000000
-1.429741 2.277674 -1.112173 -1.255471 -4.023521 -1.231725 0.312035 -0.667111 0.965430 0.385050 -1.291323 -1.187906 0.312257 0.628080 0.312819 0.088007 -0.262881 -0.014252 0.108520 -0.244620 -0.102542 -0.031886 0.050157 -0.057169 0.330016 0.032869 0.028829 -0.009187 -0.055567 -0.229654 -0.145005 -0.106591 0.047998 -0.042675 0.210433 0.005000 0.025671 0.012511 -0.002895 0.047105 -0.063567 0.133607 0.188278 0.140750 -0.114627 -0.078097 -0.004095 -0.096816 0.280692 -0.041321 0.059929 -0.040087 13.000000
-1.122367 2.532942 -1.023922 -1.043366 -3.840905 -1.047685 0.377971 -0.780506 0.836517 0.207351 -1.052959 -1.024363 0.428855 0.741964 0.029552 0.207069 -0.023876 0.133457 0.055977 0.175273 -0.297192 0.017383 0.135813 0.070271 0.059243 0.022774 0.190609 0.187003 -0.257696 -0.039872 -0.071701 -0.051326 0.068735 0.024748 0.303215 -0.056016 -0.006883 0.105142 0.068466 0.016808 -0.128403 0.041395 0.248258 0.150053 -0.206928 -0.052221 -0.075416 -0.023515 0.279098 -0.036963 0.165249 -0.226680 13.000000
-1.936518 1.874430 -1.948483 -1.330804 -4.066334 -1.207576 0.298491 -0.318507 0.893668 0.498185 -1.884527 -1.229487 -0.165614 0.473705 0.653326 -0.309183 -0.585860 -0.385555 0.042464 -0.455454 0.500454 0.095135 -0.273818 -0.113618 0.085748 -0.204777 -0.218293 -0.189103 0.130194 0.047075 -0.291583 -0.111072 -0.087692 0.057165 -0.218173 0.158389 -0.083739 -0.192998 -0.332425 -0.025797 0.007040 -0.054173 -0.220499 -0.036310 0.035741 0.075900 0.208743 -0.020393 0.043098 -0.061342 -0.180324 0.105550 13.000000
7.221787 -0.333372 -2.844606 3.162846 0.829729 -1.839029 1.877109 0.310524 1.475227 -0.306984 0.234652 0.806036 0.010268 0.353098 0.214487 0.182358 -0.079934 -0.009253 -0.278800 -0.134140 0.003804 0.460200 -0.281975 0.046789 0.523627 0.035010 -0.051447 0.206225 0.587846 0.404908 -0.355319 -0.119398 -0.078265 -0.485194 1.041004 -0.084643 -0.384525 -0.252056 0.074974 0.183329 0.002294 -0.004653 -0.233479 -0.081247 -0.216527 -0.071248 -0.050649 -0.163522 -0.170662 -0.044344 0.344455 -0.086814 14.000000
7.306428 -0.180745 -1.725534 3.215198 0.724560 -2.083934 2.157505 1.232453 1.541848 0.052146 0.170930 0.681940 0.264932 0.598710 0.123416 0.363923 -0.165228 0.102600 -0.093369 -0.123363 -0.082219 0.122352 0.097301 -0.034503 -0.010877 0.075507 -0.042314 0.053833 0.276908 0.063300 -0.241307 0.019989 -0.012583 -0.100233 0.381078 0.138627 -0.280282 -0.207873 0.241358 0.066847 -0.082962 0.013245 -0.127175 -0.187841 0.040956 0.100969 0.128140 -0.002405 -0.151374 0.225661 0.127149 -0.101293 14.000000
7.059804 0.017631 -2.453332 3.344323 0.951348 -1.974847 2.042305 0.986883 1.603709 -0.150791 0.440676 0.760788 -0.003417 0.834008 0.256717 0.404138 -0.228718 0.051967 -0.136621 0.159996 -0.105137 0.377274 -0.231872 0.270464 -0.046096 -0.107503 0.017001 -0.159591 0.121366 0.276421 -0.184577 -0.041861 -0.142531 -0.070803 0.332224 -0.015265 -0.165346 0.037859 0.027963 0.011807 0.040899 0.160910 0.016193 -0.103722 -0.097848 0.192943 0.210182 -0.190721 -0.176345 -0.074414 0.058955 0.042368 14.000000
-0.379083 -4.418504 1.835756 3.014657 -0.490935 -1.125304 2.140774 2.344999 1.240438 1.171355 -0.738061 1.525506 0.112050 -0.953450 0.923781 -0.197131 0.788257 -1.608297 2.657876 0.814926 0.264687 -1.262812 0.365711 -1.001353 0.418898 -0.251295 -0.153808 -0.050200 0.236275 0.367704 0.015873 0.107078 0.922736 -0.194334 0.248097 -0.844435 0.474637 -0.486663 -0.753005 -0.161417 -0.362964 0.036477 0.365281 0.338839 -0.083413 -0.655793 0.160725 0.056704 -0.071980 0.085799 0.307849 -0.376672 14.000000
6.419084 0.603736 -1.269069 3.392467 0.695538 -1.921278 2.395428 1.489096 1.100842 -0.271667 -0.032173 0.185855 0.042221 0.464059 -0.084195 0.314249 -0.279514 0.143307 -0.110706 0.039242 -0.014251 -0.434594 0.221727 0.120422 -0.534756 0.020279 -0.007574 -0.552657 -0.397041 -0.378173 0.267906 0.025699 0.254696 0.233462 -0.791869 0.257575 0.171262 0.218157 0.064722 -0.156888 0.013203 -0.024635 0.210661 0.145341 0.045918 -0.030081 -0.094909 0.151486 0.039817 0.280762 -0.200014 -0.072626 14.000000
6.419084 0.603736 -1.269069 3.392467 0.695538 -1.921278 2.395428 1.489096 1.100842 -0.271667 -0.032173 0.185855 0.042221 0.464059 -0.084195 0.314249 -0.279514 0.143307 -0.110706 0.039242 -0.014251 -0.434594 0.221727 0.120422 -0.534756 0.020279 -0.007574 -0.552657 -0.397041 -0.378173 0.267906 0.025699 0.254696 0.233462 -0.791869 0.257575 0.171262 0.218157 0.064722 -0.156888 0.013203 -0.024635 0.210661 0.145341 0.045918 -0.030081 -0.094909 0.151486 0.039817 0.280762 -0.200014 -0.072626 14.000000
10.743689 -4.384435 -0.807450 -0.729959 -0.381832 -0.878235 1.275383 0.447127 -0.023118 -2.571776 0.541881 0.198821 -0.460396 0.757604 0.272291 0.329441 -0.018191 0.197554 -0.903744 0.037061 -0.381525 0.540133 -0.640745 -0.197296 0.832741 -0.255924 -0.101024 0.484815 0.339784 0.497143 -0.437977 -0.413699 -0.406199 0.018106 0.412685 -0.434598 0.270460 0.131161 0.092098 0.271096 0.056421 -0.362847 -0.201118 -0.021076 -0.480483 -0.169306 -0.228000 0.183285 -0.314699 0.007789 0.052168 -0.142291 14.000000
7.221616 -0.159874 -2.088906 3.172228 0.479469 -2.171812 2.072853 1.127931 1.577091 0.160487 0.815644 1.196805 -0.204703 0.766921 0.261740 0.267617 -0.344561 -0.009849 -0.286638 0.081522 0.012470 0.293392 -0.098468 0.235884 0.180359 0.036492 -0.079139 0.446098 0.353145 0.312393 -0.483893 -0.094718 -0.330373 -0.302132 0.482650 -0.023814 -0.159036 -0.174051 0.005844 0.037849 0.139597 0.060791 -0.113594 -0.308900 0.323336 0.298787 0.032786 -0.147164 0.299669 -0.112880 0.173327 0.248762 14.000000
6.037047 0.923336 -1.042655 3.332833 0.513967 -1.832721 2.258142 1.601661 0.785558 -0.314740 0.080500 0.062344 -0.097860 0.516808 -0.017996 0.225690 -0.487659 0.197045 -0.126087 -0.023801 -0.064995 -0.554087 0.327636 0.060155 -0.510161 -0.000651 -0.005223 -0.457107 -0.643404 -0.680197 0.475350 0.066582 0.296499 0.473055 -1.128504 0.238072 0.317272 0.246636 0.055866 -0.139442 -0.037319 -0.067139 0.175634 0.213581 0.048319 -0.099075 -0.225719 0.235747 0.088352 0.151595 -0.287127 -0.073747 14.000000
6.862058 0.228940 -2.227643 3.312370 0.567958 -2.057105 1.920661 1.439127 1.362605 -0.040051 0.853969 0.980693 -0.096301 1.051101 0.317303 0.190517 -0.577869 0.029293 -0.121232 0.195817 -0.062874 0.270709 -0.205909 0.440854 0.000264 0.035770 -0.125983 0.103857 0.030887 0.195582 -0.013514 0.060078 -0.352183 0.128381 0.067279 -0.064618 -0.070465 -0.154933 -0.082311 0.049376 0.117293 0.122198 0.018736 0.076640 0.182201 0.078926 -0.051018 -0.164976 0.223207 -0.318977 -0.112034 0.214608 14.000000
6.703445 0.293918 -1.836131 3.363561 0.584463 -2.034092 2.155200 1.482708 1.416564 -0.100320 0.421676 0.670413 -0.134798 0.820136 0.139933 0.267554 -0.405728 0.123787 -0.204162 0.107800 -0.167598 0.024502 0.037845 0.162336 -0.086223 -0.040423 -0.024000 -0.168410 -0.177881 -0.191595 0.176671 -0.030877 -0.133521 0.203173 -0.315610 0.146650 0.068275 -0.027523 -0.084102 -0.064963 -0.170799 0.038496 0.017024 -0.034291 0.036363 0.093165 0.040838 0.035254 0.066580 0.007214 -0.038782 0.157352 14.000000
1.460244 2.599175 2.900358 0.366501 0.134936 -0.092820 0.203568 -0.435731 -0.768037 0.639458 0.346097 0.351602 0.419387 0.556745 -0.461006 0.350344 -0.521571 -0.554238 0.375086 -0.188418 0.580352 0.284217 -0.409762 -0.410397 -0.115666 -0.157807 0.574539 0.423811 0.563055 -0.061712 1.021587 -0.131207 0.065055 0.057187 0.203774 0.488651 -0.296536 0.374050 0.159019 -0.020786 -0.721145 -0.259781 -0.106808 -0.181987 -0.388670 -0.616548 0.328069 -0.141145 0.018156 -0.090640 0.002422 -0.005755 15.000000
0.235761 2.181427 1.407436 -0.343020 3.148496 2.487554 -0.006560 -0.111532 0.120003 0.780151 -1.301827 0.107509 0.828853 1.717648 -1.195185 -0.199114 0.199465 -1.116229 -0.210926 0.533484 -0.862263 0.024857 -0.178410 -0.537604 0.310191 0.606854 -0.146865 0.071710 0.137497 -0.451168 -0.148561 0.766555 -0.561252 -0.348506 0.192893 0.004705 -0.010788 -0.099085 -0.357675 -0.263375 0.172008 0.179504 -0.036240 -0.030729 -0.260409 -0.127397 -0.510954 0.465207 -0.161498 0.280202 -0.141050 0.075881 15.000000
-0.287393 2.951661 1.491302 -0.380055 -0.301854 0.396486 0.325147 -1.712889 -0.046266 -0.325692 1.103523 1.121596 1.185803 0.007056 -0.374219 1.450010 0.489048 -1.406958 -0.050727 -0.654138 0.637054 -0.063574 -0.808093 0.358730 0.179410 0.284184 0.860469 0.392143 -0.308688 -0.592324 0.060871 0.012038 0.389848 0.002076 -0.212967 -0.298249 -0.117725 -0.038018 -0.061373 0.099504 0.171529 0.171517 -0.124946 0.086987 0.002055 0.389674 0.009747 -0.049743 0.037351 0.068224 0.054183 -0.135469 15.000000
-4.955599 -5.493637 4.811760 3.805390 -0.946425 0.316870 0.443816 0.522958 -0.628158 0.804102 1.016188 0.195863 0.109751 -0.493503 0.866284 -0.549957 -0.121727 -0.781450 1.270443 -0.110016 0.003455 -0.110720 -0.441808 -0.442384 0.422343 -0.096977 -0.099829 0.600398 0.518127 0.126784 -0.116922 -0.335083 0.174911 0.761250 0.218081 1.268049 -0.202849 0.254309 -0.442086 -0.053213 0.069684 0.146962 0.089179 -0.061965 0.073459 -0.061119 -0.307669 -0.222802 -0.064855 0.051657 -0.239855 -0.335200 15.000000
1.486161 2.518215 1.668636 0.601182 3.364365 2.220446 0.112921 -0.408521 -0.880333 0.682582 -1.907406 -0.126444 0.593770 1.294803 -1.108335 0.017592 -0.175939 -1.432690 -0.544620 0.302253 -0.938585 -0.577476 -0.077222 -0.226131 -0.159070 -0.718615 -0.523171 0.237057 0.367658 0.190405 -0.233020 0.021020 -0.109021 -0.089486 -0.232628 0.073193 0.172776 0.002708 -0.014969 -0.082185 -0.141206 0.009458 0.034791 -0.103773 0.248585 -0.017796 0.129980 -0.148069 0.108614 -0.122547 -0.012937 -0.001305 15.000000
1.917846 3.426364 1.500242 1.366738 0.206507 0.366834 0.529013 -1.214067 -1.753540 -0.347765 0.650433 0.842686 0.232160 -0.396221 -0.352667 0.479462 -0.187612 -0.830048 -0.069948 -0.761930 0.756074 -0.111947 -0.475485 -0.025208 -0.262811 -0.506857 -0.246169 0.460119 0.282948 0.138572 0.120722 -0.870463 0.198273 0.510105 -0.364264 0.746430 0.098657 0.244778 0.159675 -0.178100 -0.158862 -0.658694 -0.283126 0.220493 -0.372024 -0.329131 0.557749 -0.201049 -0.001750 0.044604 0.179017 0.066119 15.000000
7.665091 -3.585206 3.025981 -3.722494 -1.975845 0.520344 0.770891 -0.359630 -1.079761 -1.681539 0.179133 0.452369 -0.363715 0.297261 -0.593246 0.883135 -0.115713 -0.425860 0.203532 0.114920 0.531401 0.060103 0.125241 -0.302091 0.165932 -0.360316 0.608436 0.016392 0.696500 -0.413505 -0.034349 -0.096393 0.048026 0.405801 -0.266974 -0.159326 0.324559 0.421237 -0.233865 0.183190 0.242401 -0.030225 0.013121 0.028402 -0.303074 -0.072591 0.009509 -0.362826 -0.149046 -0.114992 0.311302 0.402463 15.000000
-0.516053 2.890620 1.244033 -0.450000 -0.335127 0.434749 0.272513 -1.695221 0.104870 -0.466390 1.127810 1.076609 1.117327 -0.033349 -0.387262 1.576739 0.580166 -1.301734 -0.067429 -0.562667 0.600334 -0.048897 -0.721305 0.220560 0.016614 0.300103 0.760290 0.372364 -0.294937 -0.709737 -0.014580 -0.134087 0.270833 -0.095667 -0.265839 -0.239103 -0.208219 -0.232854 -0.099911 -0.146616 0.120041 0.264752 -0.125097 0.095519 -0.025244 0.078323 -0.235006 -0.125134 -0.023823 -0.060104 0.158345 0.085878 15.000000
1.686569 2.481169 1.510947 0.752701 3.399476 2.203508 0.196677 -0.371484 -1.027008 0.680845 -2.022163 -0.200844 0.472442 1.234886 -1.184440 -0.088205 -0.272950 -1.440281 -0.584936 0.148273 -0.867270 -0.635783 -0.063492 -0.233162 -0.193181 -0.721272 -0.649535 0.222155 0.327391 0.116479 -0.135904 -0.018042 -0.056552 -0.079871 -0.200070 0.050442 0.194335 0.057329 0.043323 -0.050588 -0.090304 -0.028476 -0.000378 -0.100558 0.241676 0.013309 0.191874 -0.169634 0.170876 -0.152880 0.049011 0.001823 15.000000
1.493758 2.292120 1.954816 0.514662 3.353180 2.106821 0.055270 -0.037796 -0.647041 1.033736 -2.013595 -0.195900 0.498243 1.239704 -1.026731 0.048691 -0.259582 -1.337793 -0.525070 0.501353 -0.996499 -0.366220 -0.011880 -0.152505 0.069827 -0.664255 -0.491405 0.311592 0.451422 -0.020033 -0.059067 0.148889 -0.176177 -0.013286 -0.107018 -0.070237 0.148599 0.192579 0.053165 0.244200 0.297132 0.132327 0.317792 -0.177939 -0.121592 0.295074 0.205703 -0.111060 0.079750 0.020487 -0.054057 0.002368 15.000000
-1.025634 2.492064 0.729947 -0.927951 -1.024334 -0.134325 0.395914 -1.635513 0.465272 -0.069172 1.056354 0.649702 0.814175 0.126939 -0.495060 1.595433 0.522584 -1.149715 0.133710 -0.536500 0.239926 -0.040775 -0.718105 0.307017 -0.066685 0.270459 0.917353 0.179800 -0.495439 -0.809336 -0.007270 0.181175 0.482689 -0.089884 0.104470 -0.516487 -0.071921 -0.083707 0.148106 -0.041836 0.107893 0.413585 0.127382 -0.373252 0.174080 0.279320 -0.249794 -0.196875 0.013800 -0.005746 0.159987 0.037102 15.000000
